0 1 14.5022949565598 0.437909867054968
1 0 2.62014343478501 0.625374609819212
1 1 0.875278400087424 0.234119016369809
1 2 0.063981658561463 0.0204336925578949
1 3 0.00148571116332441 0.000748814791808674
1 4 3.64278819008071e-06 1.15195077142174e-05
2 0 0.0658317396135002 0.0298578631367299
2 1 0.0519794911024898 0.0229670707710657
2 2 0.0116002768519024 0.00609805121308731
2 3 0.000986649181283355 0.000620079286797715
2 4 4.5534852376009e-06 1.43993846427718e-05
3 0 0.00190699961750724 0.00234121458206214
3 1 0.00293381053858623 0.00334757808243586
3 2 0.00119255778372767 0.0011481375227017
3 3 0.000179407318361474 0.000222580105055065
3 4 4.55348523760086e-05 0.000143993846427717
3 5 9.10697047520169e-06 2.87987692855433e-05
4 0 7.37664608491339e-05 0.000156708708810447
4 1 9.01590077044971e-05 0.000249088545091496
4 2 0.000152086406935869 0.000396918369467288
4 3 7.19450667540936e-05 0.000206087341299887
5 0 2.18567291404841e-05 6.91170462853041e-05
5 1 0.000127497586652824 0.000403182769997607
5 2 0.000130229677795385 0.000411822400783272
5 3 5.91953080888113e-05 0.000187192000356033
5 4 5.46418228512103e-06 1.7279261571326e-05
30 17 2.73209114256052e-06 8.63963078566303e-06
30 18 1.36604557128026e-05 4.31981539283152e-05
30 20 5.46418228512103e-06 1.7279261571326e-05
30 21 9.10697047520353e-07 2.87987692855491e-06
30 22 4.55348523760068e-06 1.43993846427711e-05
30 25 9.10697047520353e-07 2.87987692855491e-06
30 26 4.55348523760068e-06 1.43993846427711e-05
31 14 2.73209114256052e-06 8.63963078566303e-06
31 15 5.19097317086498e-05 0.000157857073777304
31 16 9.10697047520174e-05 0.00027542626625658
31 17 0.000260914704114532 0.000825084740030827
31 18 0.000567819609128828 0.00177648708453726
31 19 0.000711709742637013 0.00225062381966521
31 20 0.00109693459373805 0.00346881176044371
31 21 0.00107735460721636 0.00340689440647977
31 22 0.000768172959583263 0.00242917618923558
31 23 0.000854233830573928 0.00270132455898399
31 24 0.000679835345973807 0.00214982812716581
31 25 0.000498606633517295 0.0015767326183835
31 26 0.000278217948017413 0.000879802401673353
31 27 0.000126131541081543 0.000398862954604774
31 28 2.14013806167231e-05 6.7677107821024e-05
31 29 5.46418228512103e-06 1.7279261571326e-05
32 14 1.45711527603229e-05 4.60780308568699e-05
32 15 7.10343697065738e-05 0.000150306402460906
32 16 0.000309728065861612 0.000646406815304639
32 17 0.000493506730051182 0.000940995099218096
32 18 0.00108627943828207 0.00185901367534439
32 19 0.00150255905870354 0.002580929016683
32 20 0.0017094694279001 0.00291106205294213
32 21 0.00191027812687832 0.00306318818542394
32 22 0.00207138043458463 0.00320500430334545
32 23 0.00173087080851683 0.00284816628999892
32 24 0.00141959455767445 0.00228243928066349
32 25 0.000913155929548473 0.0015687737613196
32 26 0.000568730306176346 0.00106931081683444
32 27 0.000204451487168276 0.000530217461874276
32 28 7.55878549441737e-05 0.000163928279322889
32 29 5.46418228512103e-06 1.7279261571326e-05
33 13 1.09283645702421e-05 2.30390154284347e-05
33 14 2.18567291404841e-05 6.91170462853041e-05
33 15 5.73739139937708e-05 0.00012908146833435
33 16 0.000178041272790195 0.000262408346234535
33 17 0.000434402491667123 0.000519528520802348
33 18 0.00100859698012859 0.0010381330537817
33 19 0.00246917290494145 0.00243696230317679
33 20 0.00419212064914487 0.00412401495130044
33 21 0.00580979181465492 0.00603487334233686
33 22 0.00677667887000714 0.00783119911793836
33 23 0.00656057046063062 0.00780034726508533
33 24 0.00564386281259674 0.00696399354295791
33 25 0.00403110941114327 0.00553256922330033
33 26 0.00220953317669344 0.00311689750372162
33 27 0.00103591789155419 0.00138420001274387
33 28 0.000336957907582462 0.000545350489214796
33 29 9.51678414658565e-05 0.000197905851229779
33 30 2.73209114256046e-05 8.63963078566284e-05
34 14 5.46418228512103e-06 1.7279261571326e-05
34 15 3.91599730433676e-05 5.00745372723603e-05
34 16 0.000175764530171394 0.000200309650628311
34 17 0.000733475402072747 0.000775084597743818
34 18 0.00176429339016084 0.00160824348790469
34 19 0.00371191009598746 0.00310880266584288
34 20 0.00687803945139609 0.00577445143976147
34 21 0.0105044350946214 0.00801886762679861
34 22 0.0132057446769756 0.00993749909610945
34 23 0.0151954355863978 0.0116777392405978
34 24 0.0139860299072911 0.0104638546969216
34 25 0.0106681784237656 0.00823222010193687
34 26 0.00690199078374589 0.00524809313809403
34 27 0.00423492341037828 0.0034360079656614
34 28 0.00230807059723511 0.00203793892555459
34 29 0.000789118991676222 0.000954041912259678
34 30 0.000277762599493652 0.000290924591460635
34 31 9.33464473708175e-05 0.000181216889789276
34 32 1.36604557128026e-05 2.32183100813835e-05
34 33 5.46418228512103e-06 1.7279261571326e-05
35 14 5.46418228512103e-06 1.7279261571326e-05
35 15 1.82139409504038e-05 3.12539999058556e-05
35 16 0.000176675227218915 0.000152400857054936
35 17 0.000582390761889153 0.000498432526451302
35 18 0.00197266087463345 0.00139519589854725
35 19 0.00476667941642534 0.00340532555641219
35 20 0.0104104511593174 0.00785933192423678
35 21 0.0181515582026483 0.0130037446791494
35 22 0.0260419284920678 0.0182415456836831
35 23 0.0325748137624538 0.0215063401350612
35 24 0.0342766333351552 0.0221424091991686
35 25 0.0291949438099918 0.018518808231028
35 26 0.0213378139628068 0.0136700904095246
35 27 0.0133594703385971 0.00881243966471858
35 28 0.00645784383367027 0.00416716492004162
35 29 0.00250459902008996 0.00190042348010185
35 30 0.000672731909003146 0.000578478806059649
35 31 0.000206272881263318 0.000300867514677865
35 32 5.14543831848896e-05 9.37140744978366e-05
35 33 7.7409249039211e-06 2.44789538927108e-05
36 13 1.63925468553631e-05 5.18377847139781e-05
36 14 5.46418228512103e-06 1.7279261571326e-05
36 15 6.28380962788918e-05 0.000132630761413773
36 16 0.000113837130940022 0.000145030073470075
36 17 0.000495874542374735 0.000512488869033363
36 18 0.00129391836511667 0.00111633808883834
36 19 0.00323069777607781 0.00223395907011062
36 20 0.00730397246052126 0.00507327796128383
36 21 0.0141160774456769 0.0102005775990088
36 22 0.0231344370981549 0.0161191936925443
36 23 0.0321056226435713 0.0227298435330633
36 24 0.0371719213886306 0.0271278863274703
36 25 0.035964974591552 0.0261519057179856
36 26 0.0292402054532543 0.0202165602697007
36 27 0.0197831630329855 0.0140847759703711
36 28 0.011060233502723 0.00784036428768679
36 29 0.00569522612607688 0.00430204865031215
36 30 0.00222346684152049 0.00182754363064844
36 31 0.000630657705407718 0.00059050450665138
36 32 0.000170755696410032 0.000220887061050046
36 33 1.50265012840823e-05 2.7493231781555e-05
36 34 2.73209114256052e-06 8.63963078566303e-06
36 35 2.73209114256052e-06 8.63963078566303e-06
37 14 3.64278819008087e-06 1.15195077142179e-05
37 15 7.28557638016119e-06 1.75963386896761e-05
37 16 2.73209114256052e-05 4.64366201627671e-05
37 17 0.000183505455075315 0.000161633404405496
37 18 0.000602426096934594 0.000341224909031519
37 19 0.00159189843906527 0.000778346198589288
37 20 0.00411525781833416 0.00171276238860677
37 21 0.00826512212447411 0.00312137114745208
37 22 0.0152215725916617 0.006725328356084
37 23 0.0237680090341148 0.0112289833596065
37 24 0.0300010017667523 0.013198715783212
37 25 0.0320336775768173 0.0144762848645082
37 26 0.0290293790867531 0.0136658707842246
37 27 0.0219901462579458 0.010457860278623
37 28 0.0136460666994518 0.00686114772809471
37 29 0.00681529242482197 0.00329028801307051
37 30 0.00301841429430086 0.00174849412392739
37 31 0.000863978288982384 0.000561748447220501
37 32 0.000182594758027794 0.000212760890515679
37 33 4.64455494235288e-05 6.04774154996412e-05
37 34 1.91246379979236e-05 4.47077125426064e-05
37 35 1.09283645702421e-05 3.45585231426522e-05
38 16 5.46418228512103e-06 1.7279261571326e-05
38 17 2.73209114256052e-05 4.64366201627671e-05
38 18 0.000183960803599075 0.000331173325343007
38 19 0.000448518295903685 0.000635791671587937
38 20 0.00126951168424313 0.00142005774499669
38 21 0.00349461778044916 0.00398683393887996
38 22 0.00734768591880223 0.00815255525359624
38 23 0.01257991366592 0.013706073104204
38 24 0.0191718121049851 0.0204803857011747
38 25 0.0236222975065112 0.0252926756283708
38 26 0.0247512886363226 0.0270084793933322
38 27 0.0203287616341548 0.0225432649306389
38 28 0.0149926233539151 0.0177507455013244
38 29 0.00833333333333335 0.0102422188297781
38 30 0.00431360763528403 0.00532353604183709
38 31 0.00197803398721381 0.00304831507734806
38 32 0.000713075788208291 0.00117627922028254
38 33 0.000211281715024677 0.000497621844819546
38 34 5.327577727993e-05 0.00015025811346238
38 35 1.27497586652822e-05 3.1896072555995e-05
39 18 1.63925468553631e-05 3.68804195241e-05
39 19 0.000128408283700344 0.000186659573583371
39 20 0.000353350454437827 0.000578207763974613
39 21 0.000996302569987069 0.00144855996451145
39 22 0.00211372784729432 0.00308103002073811
39 23 0.00344152414257874 0.00499816531261646
39 24 0.00606068885124675 0.00856441833760472
39 25 0.00844762581279713 0.0117105994739875
39 26 0.0099115713166858 0.0138447834931339
39 27 0.00996530244248949 0.0142070632226622
39 28 0.0086976121523414 0.0124087686053992
39 29 0.00589357594302679 0.00859888981037682
39 30 0.00296796167786824 0.00415312347328275
39 31 0.00107371181902628 0.00163024918311363
39 32 0.000275941205398611 0.000399279470223454
39 33 7.92306431342549e-05 0.000122487906515818
39 34 2.73209114256052e-05 5.31023067486777e-05
40 19 2.18567291404841e-05 5.27890160690288e-05
40 20 0.000147532921698268 0.000331923775716899
40 21 0.000185782197694115 0.000378744876762875
40 22 0.000562810775367467 0.0010229199611506
40 23 0.00102180208731763 0.00172409166620274
40 24 0.00181410851866018 0.00300875340235708
40 25 0.00287962406425878 0.00479902262779841
40 26 0.00343697065734113 0.0060154804207875
40 27 0.00435495328124146 0.00764833938890516
40 28 0.003972460521283 0.00692929987936754
40 29 0.0026501284082837 0.00481897302544403
40 30 0.00157368449811486 0.00278676867879259
40 31 0.000819627342768155 0.00160365449633391
40 32 0.000382492759958473 0.000862425776496857
40 33 0.000174853833123873 0.000515039238211856
40 34 5.46418228512103e-05 0.00017279261571326
