0 1 13.9911913151128 0.674601808288356
1 0 2.73325873726311 1.17762405002038
1 1 0.937820207599271 0.43449326075986
1 2 0.0601998222391518 0.0282617835821722
1 3 0.00126575246801892 0.000933111956031533
1 4 4.7614512903533e-06 1.50570310454641e-05
2 0 0.0955718502999715 0.0587149699957373
2 1 0.074030251087198 0.0520636476115903
2 2 0.0176848236675872 0.0133694023911034
2 3 0.00141653175888011 0.00115839180475933
2 4 6.90410437101229e-05 9.22468372514377e-05
3 0 0.00554867790369172 0.00680782990790361
3 1 0.00640097768466495 0.00853987327024849
3 2 0.00373139066120686 0.00498914874531865
3 3 0.00101736342570549 0.0015767016842387
3 4 0.000185696600323779 0.000355925340306952
4 0 0.000776116560327588 0.00136680286282786
4 1 0.00091737294860807 0.00172986938678591
4 2 0.00109989524807161 0.0024516785296895
4 3 0.000330127289464495 0.000814111739621463
4 4 9.52290258070661e-05 0.000254934107929547
24 10 9.5229025807066e-06 3.01140620909283e-05
24 11 9.5229025807066e-06 3.01140620909283e-05
24 12 4.7614512903533e-05 0.000150570310454641
24 13 2.38072564517665e-05 7.52851552273207e-05
24 14 4.7614512903533e-06 1.50570310454641e-05
25 10 4.7614512903533e-06 1.50570310454641e-05
25 11 3.33301590324731e-05 0.000105399217318249
25 12 0.000104751928387773 0.000249518803733942
25 13 0.000241246865377901 0.000465912687826095
25 14 0.000642795924197694 0.00126043351524641
25 15 0.000822143922801002 0.00150387656402251
25 16 0.000607878614735104 0.00112143781070707
25 17 0.000515823889788275 0.000936590604572521
25 18 0.000217439608926133 0.000409667272112864
25 19 9.99904770974193e-05 0.00021813937781835
25 20 2.38072564517665e-05 7.52851552273207e-05
25 21 1.90458051614132e-05 6.02281241818566e-05
26 8 4.7614512903533e-06 1.50570310454641e-05
26 9 1.58715043011777e-05 5.01901034848806e-05
26 10 8.72932736564778e-05 0.000161208445599813
26 11 0.000219026759356252 0.000506386943649037
26 12 0.000618988667745934 0.00112845911919869
26 13 0.00161238612195663 0.0027805404352839
26 14 0.00322286766339713 0.00545981881586861
26 15 0.0051453829793988 0.00859520163724159
26 16 0.00604720185379169 0.00960903583353885
26 17 0.00719582262006794 0.0116089282561833
26 18 0.00611656032758782 0.00958104711355282
26 19 0.00414151033234929 0.00688914690881848
26 20 0.00228867092022982 0.00366798175341375
26 21 0.00119909214995397 0.00197796294147645
26 22 0.000620575818176048 0.0010086823471694
26 23 0.000179347998603305 0.000278448293143714
26 24 2.38072564517646e-05 7.52851552273147e-05
26 25 9.5229025807066e-06 3.01140620909283e-05
27 9 1.58715043011777e-05 5.01901034848806e-05
27 10 3.33301590324734e-05 7.79159934522662e-05
27 11 0.000189664476399074 0.000430915320189705
27 12 0.000418214138336035 0.000576907895237533
27 13 0.00106339078817891 0.00131627739463305
27 14 0.00212598800114276 0.00271244232943169
27 15 0.00386471129733677 0.0048063921636895
27 16 0.00546852680697076 0.00649531652983156
27 17 0.006415262038536 0.00781782912181907
27 18 0.00634701457004098 0.00795824792628231
27 19 0.00496587626575248 0.00629416804577856
27 20 0.00336190204107543 0.0043734333087577
27 21 0.00193949782560388 0.00267842104845385
27 22 0.00076341935688664 0.00109455091976817
27 23 0.000214265308065897 0.000322091184589358
27 24 6.18988667745929e-05 0.000127071192592757
27 25 4.7614512903533e-06 1.50570310454641e-05
28 10 4.7614512903533e-06 1.50570310454641e-05
28 11 0.000101577627527537 0.000236622075476232
28 12 0.000363457448496969 0.000503818537586459
28 13 0.00144113259054693 0.00150253593815112
28 14 0.00327905278862332 0.00306799777194316
28 15 0.00629987620226646 0.005915945867758
28 16 0.0105672475637242 0.0103511246550258
28 17 0.0134810970383774 0.0133729500595723
28 18 0.0156653334603053 0.0158245783777771
28 19 0.0142622924800812 0.0146167277359127
28 20 0.0111709995873408 0.0120393312167834
28 21 0.00682157254864618 0.00727500405177716
28 22 0.00341110370440909 0.00417889563768273
28 23 0.00142684823667586 0.00203088010470341
28 24 0.000242834015808017 0.000425617470060188
28 25 3.33301590324731e-05 7.11567525996251e-05
28 26 2.85687077421198e-05 9.03421862727848e-05
28 27 3.80916103228264e-05 0.000120456248363713
29 9 4.7614512903533e-06 1.50570310454641e-05
29 10 4.7614512903533e-05 0.000118771462615432
29 11 0.000180935149033426 0.000281164145418598
29 12 0.000428530616131797 0.000654569949030104
29 13 0.00174507189791449 0.00214455436831315
29 14 0.00421309081674761 0.00461508160143932
29 15 0.00886629844776693 0.00949766360018829
29 16 0.0169512427387868 0.0166774105400889
29 17 0.0268074469098181 0.026131527086929
29 18 0.0329178173507285 0.0334111876387503
29 19 0.0329851125289657 0.0323356426197494
29 20 0.0262311525886425 0.0265521077391594
29 21 0.0178409992699109 0.0189740493484945
29 22 0.0097384376091166 0.0115550564450497
29 23 0.00408278576643494 0.004625381607339
29 24 0.00123400945941656 0.00140967418576076
29 25 0.000380122528013201 0.00035261201977952
29 26 3.1743008602355e-05 8.97827865519535e-05
30 11 1.74586547312951e-05 3.69957014401736e-05
30 12 0.000168237945592484 0.000252972284159495
30 13 0.000612640066025461 0.000714715219287964
30 14 0.00183633304764626 0.00181329264358506
30 15 0.00406754912230583 0.00368611622589263
30 16 0.00787623400945941 0.00685312353190029
30 17 0.012790051741104 0.0112572586950189
30 18 0.0184969685426785 0.0171820744656475
30 19 0.0200442814970004 0.0187074153142873
30 20 0.020215852458496 0.0191564271413531
30 21 0.0167128527441832 0.015825903118733
30 22 0.0107805605815319 0.0108326709342974
30 23 0.00631892200742786 0.00631953016258252
30 24 0.00272545471859821 0.00294401652807066
30 25 0.0011914738278894 0.00142712726029554
30 26 0.000254737644033902 0.000412327474392443
30 27 6.42795924197686e-05 0.000108322936109148
30 28 4.7614512903533e-06 1.50570310454641e-05
31 12 4.7614512903533e-06 1.50570310454641e-05
31 13 7.14217693552995e-05 0.000117169976353311
31 14 0.000364251023712029 0.000396689721178779
31 15 0.00125353140970702 0.0016262138795158
31 16 0.00290797701806179 0.00286293399526937
31 17 0.00600260292670537 0.00562072418445846
31 18 0.00915389010570422 0.00778058152068238
31 19 0.0125421388439196 0.00993633926581408
31 20 0.0134284036440974 0.0110780927724571
31 21 0.0115909595911501 0.00961735109492993
31 22 0.00818493476811731 0.00739519586560481
31 23 0.00538758213503476 0.00485313249694705
31 24 0.00310129194045009 0.00317602377350527
31 25 0.00101260197441513 0.00124455152785735
31 26 0.000532488969304509 0.00101594468938696
31 27 0.000177760848173189 0.000433808213711578
31 28 1.90458051614132e-05 6.02281241818566e-05
32 12 9.5229025807066e-06 3.01140620909283e-05
32 13 4.68209376884744e-05 7.04302660480907e-05
32 14 0.000245214741453197 0.000242049836109872
32 15 0.00128765514395455 0.00143891350354784
32 16 0.00332079484493542 0.00339813548909357
32 17 0.0061676665714376 0.00591111776034605
32 18 0.0112309938735994 0.0104747181471325
32 19 0.0178702028378251 0.0168782124739211
32 20 0.0221324953179062 0.0208216706591263
32 21 0.0231501761736977 0.0220911388105457
32 22 0.019351649049297 0.018470002908721
32 23 0.0145203631400184 0.0135743893845483
32 24 0.00900073008919784 0.00841894566670204
32 25 0.00442529282925435 0.00397547518523931
32 26 0.00164190711995683 0.00145525553767337
32 27 0.00040472335968003 0.000432350834507322
32 28 6.66603180649462e-05 0.000155831986904531
33 11 9.5229025807066e-06 3.01140620909283e-05
33 12 3.49173094625912e-05 8.25725085023729e-05
33 13 8.41189727962413e-05 0.000162557059696782
33 14 0.000314255785163317 0.000566147926880068
33 15 0.000980065390597721 0.00150357898315249
33 16 0.00223470780560581 0.00279112736586478
33 17 0.00537536107672285 0.00737413523595639
33 18 0.0112722597847824 0.0150029520162363
33 19 0.0180205059835571 0.0237768512878693
33 20 0.0235488683617434 0.0329325649114827
33 21 0.0267584039615274 0.03825650229365
33 22 0.0244868742659432 0.0380486355182093
33 23 0.0196000380916102 0.0299738730543914
33 24 0.0124662730533601 0.0183729625958561
33 25 0.00614703361584613 0.00909657084231917
33 26 0.00236326699044535 0.00353235533184054
33 27 0.000898327143446654 0.00141951557609531
33 28 0.000285687077421198 0.000570049995113734
33 29 4.7614512903533e-05 0.000102859103869598
33 30 4.7614512903533e-05 0.000102859103869598
34 14 2.85687077421198e-05 6.42746936206602e-05
34 15 0.000238072564517665 0.000402147714799224
34 16 0.000659461003713932 0.00107294479939619
34 17 0.00239342284861758 0.0034671865328284
34 18 0.00494238643938672 0.00809960806679919
34 19 0.00948719169602895 0.0168811649165166
34 20 0.0147704980478051 0.0270910027256938
34 21 0.020533917404692 0.0373146834458216
34 22 0.0223075580103483 0.0403168173890105
34 23 0.0204647176459384 0.035157161166973
34 24 0.0147565311240199 0.0244090960328909
34 25 0.00834682411198938 0.0140362465926547
34 26 0.00405516934895089 0.00634295159594343
34 27 0.00171809034060247 0.00243846565902881
34 28 0.00058883280957369 0.000787323670990437
34 29 0.000153953591721423 0.000266638123133191
34 30 2.85687077421198e-05 4.59999896714263e-05
35 16 9.5229025807066e-06 3.01140620909283e-05
35 17 0.000133320636129893 0.00033352824903187
35 18 0.000409484810970384 0.000886590810949614
35 19 0.00127606894581468 0.00275276131962247
35 20 0.00249500047614513 0.00573658611627872
35 21 0.00441862679744786 0.0101183248625519
35 22 0.00513284449100086 0.0119990629916489
35 23 0.00598990572326445 0.0135508409022725
35 24 0.00487572612132178 0.0112344960803076
35 25 0.00359013427292639 0.00827464800085656
35 26 0.00215217598323969 0.00465318293424775
35 27 0.00121893153033045 0.0027371972574045
35 28 0.000276164174840491 0.000616255992672036
35 29 1.90458051614132e-05 4.01520827879044e-05
35 30 9.5229025807066e-06 3.01140620909283e-05
