0 1 13.7961335316138 0.167119351140998
1 0 9.28799292343984 0.660888814270437
1 1 3.31678879715569 0.304327977342458
1 2 0.194043980650565 0.0248920872696366
1 3 0.00277934464899236 0.000934596973088979
2 0 0.884973847495 0.0968371194259852
2 1 0.728385723809035 0.100775784593396
2 2 0.178514349691469 0.0279527763411788
2 3 0.0147924038083517 0.00331033979843837
2 4 0.000487154504897185 0.000168829318041001
2 5 1.53838264704374e-05 4.86479307753712e-05
3 0 0.123853477599439 0.0224345366442206
3 1 0.180034784540964 0.0303989442201656
3 2 0.0893590926961011 0.0143521643442146
3 3 0.0170828846383946 0.00355910765268141
3 4 0.0013178811343008 0.000548503701240898
3 5 5.38433926465309e-05 8.91878730881806e-05
3 6 4.61514794113122e-05 0.000145943792326113
4 0 0.0246393347349709 0.00599921697099645
4 1 0.0547865066748714 0.0127929488335514
4 2 0.0419034066629062 0.00823429222546296
4 3 0.0155940720988667 0.00324224793829081
4 4 0.00287122027930192 0.000961843507987245
4 5 0.000229902740030426 0.000206986647346256
4 6 1.96571116011145e-05 3.58209044755538e-05
5 0 0.00745688255303147 0.00345402528995622
5 1 0.022121942464489 0.00800443196433271
5 2 0.0258200434165769 0.00917586153026108
5 3 0.0148488111720767 0.00472192347864661
5 4 0.00469719501564022 0.00194899783014094
5 5 0.000720475873032153 0.000340126533791143
5 6 5.12794215681247e-05 9.59350132499343e-05
5 7 7.69191323521871e-06 2.43239653876856e-05
6 0 0.00221099772661231 0.00208294897485225
6 1 0.00869186195579714 0.00699169695665156
6 2 0.0135984479428405 0.00709770285779148
6 3 0.0113318975095294 0.00582243242197828
6 4 0.00562449788899714 0.00359547268700784
6 5 0.00138368972531323 0.00104791818013171
6 6 0.000227338768952019 0.000275624498467525
6 7 5.98259918294788e-05 0.00012066514301003
6 8 1.4529169444302e-05 4.59452679545172e-05
6 9 8.54657026135409e-06 2.70266282085395e-05
7 0 0.000376049091499581 0.000372623493649727
7 1 0.00261525049997436 0.00272945455406829
7 2 0.00635394766080372 0.00445622597765907
7 3 0.00713211288310001 0.00470325672605913
7 4 0.00504803172486881 0.00361790453806433
7 5 0.00227937028870314 0.00282620388788467
7 6 0.000638428798523152 0.00088253011804657
7 7 7.60644753260516e-05 0.000101400893229111
7 8 2.56397107840624e-06 8.10798846256188e-06
8 0 0.000403398116335914 0.000488756227903841
8 1 0.00215929097653112 0.00284539760163076
8 2 0.00500871750166657 0.00592035426922838
8 3 0.00565210331094132 0.00611787062948222
8 4 0.00516640172298857 0.00532149703547784
8 5 0.00381493256756064 0.00405954642433697
8 6 0.00115720561338735 0.0012793822062274
8 7 0.000276908876467873 0.00034404471914186
8 8 5.81166777772079e-05 0.000108241561622396
8 9 4.27328513067704e-06 1.35133141042697e-05
9 0 6.49539339862913e-05 0.000115383974068327
9 1 0.00063714681298395 0.000965872626858343
9 2 0.00243107191084217 0.00371787728261235
9 3 0.00453566483770063 0.00769897415674655
9 4 0.00500871750166657 0.00949391343092827
9 5 0.00320624583354701 0.00676973490823998
9 6 0.00137428849802574 0.0030151748624313
9 7 0.000602533203425465 0.00154717447236286
9 8 4.10235372544997e-05 9.90812556360489e-05
10 1 0.000579457463719809 0.00125720019494311
10 2 0.00262379707023572 0.00558217760721734
10 3 0.00558646565133413 0.0117961048203736
10 4 0.00713766815376987 0.014451726081632
10 5 0.00639112524144061 0.0131543527718456
10 6 0.00371220279301916 0.00734369849763999
10 7 0.00151231560774661 0.0028729293426367
10 8 0.000260670392971301 0.0005296000951989
10 9 4.61514794113123e-05 0.000128937129143094
11 1 8.7175016665812e-05 0.000177719347460062
11 2 0.000336734868297352 0.000596809312497752
11 3 0.00103755362972839 0.00198272325391495
11 4 0.00201699058167957 0.00415476432910582
11 5 0.00284515324000478 0.00594663680843865
11 6 0.00280327504572415 0.00598930922572835
11 7 0.00166230791583338 0.00351413900000266
11 8 0.000597405261268653 0.00126214610946353
11 9 0.000171786062253218 0.000392407655480794
11 10 1.53838264704374e-05 4.04497532304301e-05
12 0 3.07676529408748e-05 9.72958615507423e-05
12 1 3.07676529408748e-05 9.72958615507423e-05
12 2 0.000272635591337197 0.000826742451193247
12 3 0.000609370459634549 0.00170631085564655
12 4 0.00118626395227595 0.00325235349057605
12 5 0.00179221578380595 0.00445850732951996
12 6 0.00210245628429311 0.00475743895109779
12 7 0.0013683058988428 0.00290106078701341
12 8 0.000465788079243799 0.00108321948144679
12 9 0.000130762524998718 0.000378845465678385
12 10 3.07676529408749e-05 8.08995064608601e-05
13 2 4.61514794113122e-05 0.000145943792326113
13 3 0.000148710322547562 0.000470263330828589
13 4 0.000586294719928893 0.00180062260999033
13 5 0.00140804745055809 0.00436329232404197
13 6 0.00176401210194349 0.00543568318825558
13 7 0.00133027366117977 0.00398656561633062
13 8 0.000999948720578436 0.00307308331766311
13 9 0.000459805480060852 0.00144504618740039
13 10 9.82855580055725e-05 0.000293231650750015
13 11 4.27328513067689e-06 1.35133141042692e-05
14 3 7.69191323521871e-06 2.43239653876856e-05
14 4 0.000107686785293062 0.000340535515427599
14 5 0.000422200570910894 0.00133511543350186
14 6 0.000647830025810642 0.0020486184182073
14 7 0.000621335658000445 0.00196483587076083
14 8 0.000408526058492728 0.00129187282836819
14 9 0.000143582380390749 0.000454047353903464
14 10 6.66632480385621e-05 0.000210807700026608
14 11 2.05117686272499e-05 6.4863907700495e-05
15 5 2.56397107840624e-05 8.10798846256188e-05
15 6 3.41862810454165e-05 0.000108106512834158
15 7 3.76049091499581e-05 0.000118917164117574
15 8 6.15353058817497e-05 0.000194591723101485
15 9 2.05117686272499e-05 6.4863907700495e-05
15 10 5.12794215681247e-06 1.62159769251237e-05