0 1 20.3677531006634 1.28614340254855
1 0 6.78087395442746 1.66108739329667
1 1 1.62374194788963 0.538362870959388
1 2 0.0801062397846361 0.0317394864075609
1 3 0.000990770118257862 0.000812846534852107
2 0 0.226520046149409 0.099060101325563
2 1 0.131321187065346 0.066766571045896
2 2 0.0207705989808672 0.0108096896248359
2 3 0.00106912796846457 0.000780606641977363
2 4 1.65048232541743e-05 3.83988177085999e-05
2 5 6.40964009870849e-06 2.02690616938653e-05
3 0 0.0131597923276608 0.0130467861918142
3 1 0.0154800820433933 0.0128378738369101
3 2 0.00375076114476172 0.00338840932513463
3 3 0.000296125372560331 0.000397877545071223
3 4 1.20180751850784e-05 3.80044906759974e-05
4 0 0.000759542351696952 0.00126210517330947
4 1 0.000543216998365541 0.00071376530175998
4 2 0.000192289202961254 0.000417857411479836
4 3 0.000110566291702721 0.000288478312397464
5 0 3.84578405922507e-05 0.000121614370163191
5 1 2.88433804441881e-05 9.12107776223935e-05
5 2 9.61446014806269e-06 3.04035925407978e-05
33 23 6.40964009870878e-06 2.02690616938662e-05
33 24 3.20482004935391e-06 1.01345308469316e-05
34 20 1.92289202961254e-05 6.08071850815957e-05
34 21 5.28795308143448e-05 0.000167219758974388
34 22 0.000167451847578759 0.00052952923675223
34 23 0.000209114508220364 0.000661278137762354
34 24 0.000412620581354356 0.00127139816806345
34 25 0.000407813351280324 0.00128961905027217
34 26 0.000184277152837868 0.000582735523698624
34 27 0.000107361471653366 0.00033950678337224
34 28 8.33253212832103e-05 0.000263497802020249
35 18 6.24939909624074e-05 0.000181362802511565
35 19 0.00020590968817101 0.000526497981264923
35 20 0.000628144729673432 0.00157896438705339
35 21 0.00122984969393968 0.0031318343392072
35 22 0.00223616318943691 0.00541894022762098
35 23 0.00278338621286415 0.00633387480631028
35 24 0.00267362112617376 0.00602727981027569
35 25 0.00213521135788225 0.00483847530792551
35 26 0.00180110886773706 0.00408032316516643
35 27 0.000965452039867968 0.0024422643800609
35 28 0.000560042303624652 0.00135772904178368
35 29 0.000237957888664549 0.000629081155390756
35 30 9.4542191455949e-05 0.000266902703714583
36 15 4.80723007403134e-06 1.52017962703989e-05
36 16 7.69156811845015e-05 0.000168367471545219
36 17 0.000187481972887223 0.000429045097084613
36 18 0.0005156555459411 0.000816447013612241
36 19 0.00154664615581836 0.00232042543461353
36 20 0.00306460917219498 0.00423921880130159
36 21 0.00547880011537355 0.00733785919758746
36 22 0.00936240105118095 0.0128716376948509
36 23 0.0133331730923309 0.0178850577705993
36 24 0.0151563952184084 0.020128409621011
36 25 0.0155521904945037 0.0207356323591312
36 26 0.0124138704611736 0.0163714643127113
36 27 0.00870765631509793 0.0112097698200631
36 28 0.0054640579431465 0.00712827882264878
36 29 0.00236515719642342 0.00308480647081584
36 30 0.00111207255712591 0.00147104382212244
36 31 0.000487132647501839 0.000741900267082525
36 32 8.01205012338544e-05 0.000146863304648776
36 33 1.4421690222094e-05 3.24463300505025e-05
37 17 2.08313303208028e-05 3.54708579642645e-05
37 18 9.45421914559531e-05 0.000175770737674381
37 19 0.000448674806909593 0.000658484594010694
37 20 0.00117376534307599 0.00162343393332805
37 21 0.00274012114219787 0.00400392357290324
37 22 0.0045354613338461 0.00620246531763682
37 23 0.0069361920328174 0.0100751165594233
37 24 0.008843700926193 0.0127312450497171
37 25 0.00971204691856547 0.0145110632182003
37 26 0.0092795564529052 0.0131832001775598
37 27 0.00742781142838828 0.0101166096277926
37 28 0.00529388199852578 0.00772250700252327
37 29 0.00299410313110921 0.00478380608385182
37 30 0.00169615101112072 0.00268473971350569
37 31 0.000619331474537703 0.00108700455120555
37 32 0.000139409672146909 0.000240308084097907
37 33 4.32650706662821e-05 7.32566064202959e-05
37 34 4.80723007403134e-06 1.52017962703989e-05
38 17 8.01205012338238e-07 2.53363271173214e-06
38 18 5.68855558760379e-05 9.25498726021294e-05
38 19 0.000472390475274815 0.000578744814552286
38 20 0.00101977373970453 0.00140620652009647
38 21 0.00287167900522388 0.00475413750486321
38 22 0.00529884946960236 0.00749684050470918
38 23 0.0085930839983334 0.0120884443210045
38 24 0.01233246803192 0.0169551288799608
38 25 0.015506361567798 0.0202967667882063
38 26 0.0160423677210527 0.0201183193311799
38 27 0.0138765503316987 0.0165278458566797
38 28 0.0100871711053424 0.0111276263129374
38 29 0.00590728455597219 0.00655745071846646
38 30 0.00269765727654392 0.00278345445257482
38 31 0.00146380155754254 0.0015635798585432
38 32 0.000601704964266254 0.000780976957469015
38 33 0.000257988013973014 0.000381333935011132
38 34 4.80723007403135e-05 6.79844996814295e-05
39 16 6.40964009870878e-06 2.02690616938662e-05
39 17 9.61446014806269e-06 2.16308867003355e-05
39 18 0.00010575906162869 0.000166218664614171
39 19 0.000120180751850784 0.000242958805575194
39 20 0.000467903727205717 0.000615071774997496
39 21 0.00117777136813769 0.00154494358868932
39 22 0.00342034419767331 0.00427562720988494
39 23 0.00684517514341569 0.00828298680182899
39 24 0.0104637374611415 0.0128925183196762
39 25 0.0139605166169919 0.0163681167695489
39 26 0.01617921353716 0.018592448643246
39 27 0.0155049193987757 0.0173506617114148
39 28 0.01256882351056 0.0133028935794436
39 29 0.00900233951863606 0.00958976705104151
39 30 0.00552751338012367 0.00612841179149097
39 31 0.00224818126462198 0.00238148656652521
39 32 0.000910970099028936 0.00107891674948127
39 33 0.000305259109700989 0.000364241463133974
39 34 9.85482165176417e-05 0.000169416921214957
40 18 1.60241002467715e-05 5.06726542346641e-05
40 19 0.000124987981924816 0.000307933383305374
40 20 0.000471909752267412 0.00091164198498122
40 21 0.000871711053424355 0.00140870282564928
40 22 0.00229064513027595 0.00262967113087792
40 23 0.00453369868281895 0.0037990890742587
40 24 0.00836249719578248 0.00744219286350646
40 25 0.0122276704163061 0.00998124123685121
40 26 0.0158728327404416 0.0126244223175532
40 27 0.0163400955036375 0.0127390118794395
40 28 0.01504935422876 0.0117488912100966
40 29 0.01251882831779 0.00948001129010671
40 30 0.00921898535397231 0.00699483681846484
40 31 0.00604028458802035 0.00433203522899752
40 32 0.00263596449059384 0.00199138445187471
40 33 0.00115213280774284 0.00103160171113837
40 34 0.000319680799923083 0.000294610393369946
40 35 6.73012210364378e-05 8.83507916039482e-05
41 18 9.61446014806269e-06 3.04035925407978e-05
41 19 9.61446014806269e-06 3.04035925407978e-05
41 20 4.6469890715637e-05 9.26538547650571e-05
41 21 0.000170656667628113 0.000282690289794216
41 22 0.000878120693523067 0.00122023169742529
41 23 0.00222991379034068 0.00342445475729387
41 24 0.00511152773771755 0.00762378032319171
41 25 0.00856952857097066 0.0130883920574412
41 26 0.0134483863731051 0.0199290306577191
41 27 0.0187437105406534 0.0290176873021587
41 28 0.0209407749254878 0.0310322276362014
41 29 0.0192832419959622 0.0290158370435792
41 30 0.0155491459154566 0.0226642867747077
41 31 0.0106666025702657 0.0152990464865956
41 32 0.00574512066147483 0.00841622360290656
41 33 0.00293529468320354 0.00497072427052209
41 34 0.00125148222927282 0.00203888371805199
41 35 0.00038425792391757 0.00066897150283476
41 36 7.37108611351477e-05 0.000137885910972344
41 37 4.6469890715636e-05 0.000121438295986356
41 38 9.61446014806269e-06 3.04035925407978e-05
42 19 9.61446014806269e-06 3.04035925407978e-05
42 20 5.28795308143448e-05 7.32566064202959e-05
42 21 0.00012819280197417 0.000173573874406008
42 22 0.000542415793353204 0.000606592685818648
42 23 0.00142374130692562 0.00148721362657757
42 24 0.0026327596705445 0.00271779584371109
42 25 0.00488494696022819 0.00523649035248838
42 26 0.00792311636701597 0.00792349985605695
42 27 0.0112328942729866 0.0121122289747212
42 28 0.0122127680030766 0.0139133151268409
42 29 0.0123073101945325 0.0144237412847165
42 30 0.0109556773387175 0.0128297100918709
42 31 0.0077043873986476 0.00853714859941332
42 32 0.00466910232990418 0.00511996401428266
42 33 0.00261945966733967 0.00282885298790081
42 34 0.000749607409543951 0.000841828139488773
42 35 0.000174181969682402 0.000262441139930685
42 36 4.32650706662821e-05 7.99600996691001e-05
42 37 4.80723007403134e-06 1.52017962703989e-05
43 20 9.61446014806269e-06 3.04035925407978e-05
43 21 3.04457904688655e-05 5.57399196581302e-05
43 22 0.000165048232541743 0.000280006855586214
43 23 0.000445469986860239 0.000608297020922108
43 24 0.00134842803576579 0.00177748796132126
43 25 0.00292680191007275 0.00401906534870582
43 26 0.00628224850174662 0.00782018910279642
43 27 0.00982437586129539 0.012860011734373
43 28 0.0137731948851072 0.0173347249381458
43 29 0.0147838348876711 0.0186744141184007
43 30 0.0148992084094476 0.0173843184779352
43 31 0.0123420824920681 0.013370052832069
43 32 0.00829567669775338 0.0083622352219328
43 33 0.00443466974329392 0.00405532387912792
43 34 0.00205749447168541 0.0021480955696028
43 35 0.000861295388263946 0.0011200277407544
43 36 0.000280421754318495 0.000412860354612805
43 37 3.84578405922508e-05 6.72248724911164e-05
44 21 1.92289202961254e-05 4.05381233877304e-05
44 22 5.52831458513605e-05 0.000102635581706246
44 23 0.000347722975354935 0.000537122167429872
44 24 0.000898150818831522 0.00152011605029702
44 25 0.00215652341121047 0.00332039470839902
44 26 0.00444348299842964 0.00594864875801182
44 27 0.00743854757555368 0.0109211399242264
44 28 0.0109867640931962 0.0159460223108142
44 29 0.0143542287600551 0.020040963007196
44 30 0.0162114219786558 0.0232158012259108
44 31 0.015402204916194 0.0216954723353028
44 32 0.0120433932634682 0.0178629281306101
44 33 0.00839694901131308 0.0125322287152671
44 34 0.00455485049514469 0.00673648448992994
44 35 0.00186440406371182 0.00239299802646395
44 36 0.000634554369772137 0.000730272474525244
44 37 0.00021632535333141 0.000333589628452016
44 38 1.92289202961254e-05 4.05381233877304e-05
44 39 1.4421690222094e-05 3.24463300505025e-05
45 21 4.80723007403134e-06 1.52017962703989e-05
45 22 4.32650706662821e-05 0.00010737342927123
45 23 0.000107361471653367 0.000227876753396478
45 24 0.000333301285132843 0.000705254615629795
45 25 0.00126430150947025 0.00243029780514262
45 26 0.00242492709034387 0.00473883908950553
45 27 0.00492052046277602 0.0094826089487953
45 28 0.00906323109957375 0.0178162249930261
45 29 0.0131069127968464 0.0254355033379111
45 30 0.0150447072396885 0.0288897279306684
45 31 0.0166410281062721 0.0324306344088058
45 32 0.0142967022401692 0.0288777433417734
45 33 0.0116947088420985 0.0232337022080179
45 34 0.00741082588212674 0.014891325707625
45 35 0.00393904432266127 0.0080765665737912
45 36 0.00179870525270006 0.00375237619480604
45 37 0.000560843508636988 0.00118086493467048
45 38 0.000161843412492388 0.000344710639173395
45 39 9.61446014806269e-06 3.04035925407978e-05
46 23 1.92289202961254e-05 6.08071850815957e-05
46 24 5.76867608883761e-05 0.000182421555244787
46 25 0.000145819312245618 0.000461121153535435
46 26 0.00023875909367689 0.000705806593404241
46 27 0.00053840976829151 0.00148130651712379
46 28 0.00109124122680512 0.00320020935877958
46 29 0.00184437393840336 0.00539274105674093
46 30 0.00239880780694163 0.00694923124831003
46 31 0.00298528987597347 0.00891292808724281
46 32 0.00284588020382655 0.00824905988701699
46 33 0.00294202480530719 0.00807248304197763
46 34 0.00203746434637695 0.00559076299288169
46 35 0.00108082556164471 0.00291769304620516
46 36 0.00083966285293081 0.00200270911823487
46 37 0.000317277184886068 0.000750297587352241
46 38 0.000134602442072878 0.000314660454664836
46 39 3.84578405922508e-05 9.28845094778672e-05
47 27 9.61446014806269e-06 3.04035925407978e-05
47 30 9.61446014806269e-06 3.04035925407978e-05
