0 1 13.0567648642412 0.502730658563912
1 0 3.94089121349641 0.868457972105995
1 1 1.17978245263185 0.328924444010446
1 2 0.0618578058098095 0.0253642453341724
1 3 0.000831346306694358 0.000910647952377482
2 0 0.150700587134323 0.0855432979087572
2 1 0.0946561802938236 0.0578495880798496
2 2 0.0192645437530446 0.0155320642447094
2 3 0.00109542855677768 0.00125251597880206
2 4 3.20488167576853e-05 7.2329098102756e-05
3 0 0.00944158141681409 0.0066027082594605
3 1 0.0079282362895162 0.00550853639529086
3 2 0.00298630874548112 0.00308220757591396
3 3 0.000373048227059457 0.000632154188567362
3 4 2.30751480655334e-05 5.19151263526307e-05
4 0 0.00200753788170141 0.00379426806497125
4 1 0.00163833551265287 0.00266289682218735
4 2 0.000488423967387124 0.000970913072030803
4 3 0.000134605030382278 0.000425658480524164
4 4 3.84585801092224e-05 0.00012161670872119
5 2 7.69171602184447e-06 2.4323341744238e-05
13 5 7.69171602184447e-06 2.4323341744238e-05
13 6 3.07668640873779e-05 9.7293366976952e-05
13 7 2.30751480655334e-05 7.29700252327139e-05
13 8 1.53834320436889e-05 4.86466834884758e-05
13 9 7.69171602184447e-06 2.4323341744238e-05
13 10 1.0255621362459e-05 3.24311223256497e-05
13 11 5.1278106812299e-06 1.62155611628261e-05
14 2 3.07668640873779e-05 9.7293366976952e-05
14 3 0.000146142604415045 0.000462143493140522
14 4 0.000161526036458734 0.000510790176628998
14 5 0.000881983437171501 0.00278907652000596
14 6 0.00194985001153757 0.0061076355032818
14 7 0.0033664077122273 0.0105826056969384
14 8 0.00313693818424226 0.00990636394677562
14 9 0.0018460118452427 0.0058376020186172
14 10 0.00131977027408147 0.00414652457872894
14 11 0.000513422044458117 0.00162358306142788
14 12 0.000119221598338589 0.000377011797035688
14 13 3.46127220983001e-05 0.000109455037849071
15 2 1.15375740327667e-05 3.64850126163569e-05
15 3 0.000111529882316744 0.000326558414204349
15 4 0.000532010358177576 0.00140792218714993
15 5 0.0013402815168064 0.002767306732543
15 6 0.0030087429172115 0.00619891259202308
15 7 0.00453106171320155 0.00925806363676754
15 8 0.00455093197959131 0.00930311246098288
15 9 0.00442145475989025 0.00857481958229392
15 10 0.00286772812347769 0.00516173802621005
15 11 0.00101274260954285 0.00168724972325248
15 12 0.000275619824116094 0.000498122886385484
15 13 9.6146450273056e-05 0.000194628957396726
15 14 3.07668640873779e-05 7.43090364648331e-05
16 2 1.28195267030741e-05 4.05389029070632e-05
16 3 0.000126913314360434 0.000223879330865446
16 4 0.000726226187729149 0.0013313875520083
16 5 0.00225880060508166 0.00381516116921932
16 6 0.00533100017947337 0.0077789625871839
16 7 0.00993321026587702 0.013205210847841
16 8 0.0131842422377766 0.0176846878244912
16 9 0.0135002435710074 0.01913781210539
16 10 0.00997743763300259 0.0154765016492167
16 11 0.00569058790349458 0.0088998003164349
16 12 0.00233828167064072 0.00463309274492861
16 13 0.000502525446760502 0.00109035163698109
16 14 0.00014357869907443 0.000331869241605708
16 15 7.69171602184447e-06 2.4323341744238e-05
17 2 1.15375740327667e-05 2.59575631763154e-05
17 3 0.000244852960028716 0.000668269192633607
17 4 0.00101017870420224 0.00232818511139298
17 5 0.00214791169910007 0.00314530171117906
17 6 0.00579314411711922 0.00720777804962191
17 7 0.0130509191600646 0.0148807688353391
17 8 0.0204349665410352 0.0237769323541177
17 9 0.0229892572366228 0.0260733561786638
17 10 0.0232103940722509 0.0266667916658389
17 11 0.0145347793759455 0.0180071507384815
17 12 0.00780965566751277 0.0103097975398151
17 13 0.00298951362715689 0.00446394008638396
17 14 0.00102171627823501 0.00140447846742417
17 15 0.000226905622644412 0.00045593201363845
17 16 6.92254441966003e-05 0.000218910075698142
18 3 2.30751480655334e-05 5.19151263526307e-05
18 4 0.000229469527985027 0.000219097675420374
18 5 0.00137874009691562 0.00139252573910548
18 6 0.00438594467092275 0.00403860018262535
18 7 0.0107584031997539 0.00854510493952455
18 8 0.0203484347357896 0.0144142199968766
18 9 0.0268287054841935 0.0187685671845949
18 10 0.0268646001589621 0.0187181730119609
18 11 0.0199670538163731 0.0137079457558921
18 12 0.0122148296284902 0.00866454983265157
18 13 0.006009153142066 0.00510451636992594
18 14 0.00251070430479706 0.00258919188592945
18 15 0.000853780478424735 0.0010781358298331
18 16 0.000216906391816014 0.000426318088647375
18 17 5.38420121529113e-05 0.000145262830799839
18 18 1.53834320436889e-05 4.86466834884758e-05
19 4 9.23005922621336e-05 0.000147508139001026
19 5 0.000546111837550959 0.000516372204695829
19 6 0.00286836909981283 0.00136026411219448
19 7 0.0082006512319565 0.00431673670513321
19 8 0.0180191267338411 0.00961839177727987
19 9 0.0290881470656102 0.0169229186211082
19 10 0.033285260108197 0.0203842858013321
19 11 0.0306969976668462 0.0198238167724293
19 12 0.0221803451016589 0.0151224423786553
19 13 0.0124451965233443 0.00942830614148463
19 14 0.00492910801733199 0.00406513213145654
19 15 0.00154475296772043 0.00151489046105952
19 16 0.000337153552290848 0.000537743109758809
20 4 3.07668640873779e-05 7.43090364648331e-05
20 5 0.000155116273107197 0.000203274741673392
20 6 0.0013486142091634 0.00103715525831279
20 7 0.00487911186319001 0.00379955816031439
20 8 0.0126823577673512 0.0104298443389644
20 9 0.0265050124349408 0.0211718282600137
20 10 0.0390548162961823 0.0317683762956653
20 11 0.0436077994000462 0.0334471846200049
20 12 0.0405176524882702 0.0309489083392488
20 13 0.0283740994282492 0.0214973626998408
20 14 0.0142399302617748 0.0105174384710601
20 15 0.00618670358690355 0.00497069771050007
20 16 0.00156782811578596 0.00157020509490696
20 17 7.94810655590592e-05 8.60596766072634e-05
21 3 3.84585801092231e-06 1.21616708721192e-05
21 4 3.84585801092224e-05 0.00012161670872119
21 5 4.87142014716818e-05 0.000129301519512445
21 6 0.000270492013434864 0.000387162440852579
21 7 0.00127233802528011 0.00132725015423342
21 8 0.0047989898212958 0.00476834320756673
21 9 0.0108639079045202 0.0102988284979462
21 10 0.0194273517421737 0.0196278760872638
21 11 0.0265056534112761 0.0266032709270997
21 12 0.0267412763120786 0.0271814107931951
21 13 0.0219658744199164 0.0220792076188673
21 14 0.0132291105812374 0.013501449830671
21 15 0.00635015255236777 0.00666256047070347
21 16 0.00213893803040791 0.0026854657027554
21 17 0.000662769530548931 0.000932194988546963
21 18 0.000106402071635515 0.000180492987426637
21 19 1.15375740327667e-05 2.59575631763154e-05
22 5 6.92254441966002e-05 0.000136634747014068
22 6 0.000276901776786401 0.000454975820958093
22 7 0.000974284029433633 0.001286516843187
22 8 0.00282926954336846 0.00337580355984343
22 9 0.00587454811168374 0.00652862166111325
22 10 0.0111363228469605 0.0132392014103669
22 11 0.0171890623798169 0.0199758544742944
22 12 0.0216605132938493 0.0256861468522585
22 13 0.0201471681665514 0.0240278704922755
22 14 0.0133803809963336 0.015454437098279
22 15 0.00668346024664769 0.00766639140601961
22 16 0.00256646924595544 0.00335161262116254
22 17 0.000650590980181011 0.00122314845540792
22 18 0.000115375740327667 0.000243908130021286
23 6 7.69171602184447e-06 2.4323341744238e-05
23 7 6.92254441966003e-05 0.000147061819856934
23 8 0.000212804143271031 0.000371751539008959
23 9 0.000426249262877215 0.000724497038330922
23 10 0.00160692767223034 0.00262252212233807
23 11 0.00340999410301772 0.00585533899463174
23 12 0.0053015152680563 0.0095002401930033
23 13 0.00608222444427346 0.0112637367665425
23 14 0.0052592108299362 0.0114920505735155
23 15 0.0036772812347768 0.00891497598542353
23 16 0.00233187190728917 0.00668242263932142
23 17 0.00117042278799067 0.00362085029767449
23 18 0.000369202369048534 0.00114075060969151
23 19 4.23044381201446e-05 0.000133778379593309
24 9 7.69171602184447e-06 2.4323341744238e-05
24 10 7.69171602184447e-06 2.4323341744238e-05
24 11 6.15337281747558e-05 0.000129724489302603
24 12 6.92254441966002e-05 0.000155745379057892
24 13 4.61502961310669e-05 0.00012134614841114
24 14 3.84585801092223e-05 8.30800284389387e-05
24 15 1.53834320436889e-05 4.86466834884758e-05
