0 1 20.5734704080995 1.36510482988405
1 0 7.84674666166696 1.69351007726331
1 1 1.91192258817157 0.578245421045945
1 2 0.0880352269649815 0.0277776233953885
1 3 0.00138626752494636 0.00100918374904156
2 0 0.308696331479282 0.138994870761118
2 1 0.172827739932921 0.0898929759719546
2 2 0.0305256963106472 0.0207299615494082
2 3 0.00228162823156886 0.0022395287536002
2 4 3.64560548299066e-05 5.87682397621358e-05
3 0 0.0162287773680811 0.0149539867343487
3 1 0.0132928150323938 0.0156753430581547
3 2 0.00554236193571235 0.00722414779241594
3 3 0.000992646292940025 0.00140984618721549
3 4 7.23913088765287e-05 0.000156711139380566
4 0 0.00259775430702248 0.00667584213440495
4 1 0.00399975001562404 0.00904663191472777
4 2 0.0019405037185176 0.00547171951492325
4 3 0.000623919338374685 0.00187627399911666
4 4 9.99937503906006e-05 0.000316208003016649
5 0 0.000198945899214632 0.000629122172668541
5 1 0.000440597462658584 0.00130781777147109
5 2 0.000518196779367957 0.00151009328140717
5 3 0.000295294044122243 0.000933801758908545
5 4 0.000203112305480907 0.000642297506127568
5 5 0.000118742578588838 0.000375497003582271
5 6 1.24992187988251e-05 3.95260003770813e-05
6 1 5.20800783284376e-06 1.64691668237838e-05
6 2 8.33281253255003e-06 2.63506669180541e-05
6 3 8.33281253255009e-06 2.63506669180542e-05
6 4 9.37441409911881e-06 2.96445002828109e-05
22 9 3.12480469970627e-06 9.8815000942703e-06
22 10 9.3744140991188e-06 2.96445002828109e-05
22 11 6.24960939941254e-06 1.97630001885406e-05
22 14 9.3744140991188e-06 2.96445002828109e-05
22 15 7.2912109659815e-06 2.3056833553298e-05
22 16 2.08320313313793e-06 6.58766672951485e-06
22 17 6.24960939941191e-06 1.97630001885386e-05
23 8 6.24960939941254e-06 1.97630001885406e-05
23 9 1.24992187988251e-05 3.95260003770813e-05
23 10 0.000172905860050414 0.000546776338549624
23 11 0.000567672853779969 0.00179513918379243
23 12 0.000944732620877862 0.00298750686183439
23 13 0.00141918213444993 0.00448784795948109
23 14 0.00156344395141971 0.00494404388049993
23 15 0.00196602295689856 0.00621711047597849
23 16 0.00197539737099764 0.00624675497626119
23 17 0.00157000604128909 0.00496479503069788
23 18 0.000938691331791761 0.00296840262831879
23 19 0.00036247734516592 0.00114625401093533
23 20 8.12449221923625e-05 0.000256919002451026
24 9 1.97904297648064e-05 6.25828339303787e-05
24 10 0.000138533008353645 0.000438079837512651
24 11 0.000355186134199947 0.00112319717738206
24 12 0.000849426077536811 0.00268612110895911
24 13 0.00142491094306605 0.00450596404298723
24 14 0.00189050684332229 0.00597830755703352
24 15 0.00169218590504759 0.0053511616843838
24 16 0.0011472199654188 0.00362782806794301
24 17 0.000940149573984944 0.00297301399502941
24 18 0.000850363518946727 0.0026890855589874
24 19 0.000658812990854738 0.00208334960320865
24 20 0.000473407912005488 0.00149704726428191
24 21 0.000253629981459487 0.000802048424318256
24 22 6.14544924275563e-05 0.000194336168520648
24 23 3.12480469970627e-05 9.8815000942703e-05
25 9 3.12480469970627e-06 9.8815000942703e-06
25 10 7.18705080932442e-05 0.000227274502168217
25 11 0.000149990625585901 0.000474312004524975
25 12 0.000271858008874445 0.000859690508201515
25 13 0.000442680665791722 0.00139987918002163
25 14 0.000628085744640954 0.00198618151894831
25 15 0.000900464554298696 0.00284751894383224
25 16 0.000935879007562023 0.00295950927823394
25 17 0.000860362893985795 0.00272070635928909
25 18 0.000589546486677911 0.00186430968445231
25 19 0.000313001270753912 0.00098979692610941
25 20 7.03081057433902e-05 0.000222333752121079
26 15 1.40616211486788e-05 4.44667504242182e-05
26 16 5.57256838114287e-05 0.000176220085014488
26 17 0.000117180176238986 0.000349150220880071
26 18 0.000185925879632523 0.000545447765976569
26 19 0.000109888965273003 0.000347499419981836
26 20 4.58304689290244e-05 0.000144928668049295
26 21 2.3436035247797e-05 7.41112507070272e-05
26 22 2.29152344645116e-05 7.24643340246456e-05
27 10 6.24960939941254e-06 1.97630001885406e-05
27 11 5.3121679895007e-05 0.000167985501602596
27 12 0.000163531445951295 0.000517131838266813
27 13 0.000360394142032794 0.00113966634420585
27 14 0.000680686623752675 0.00215252010386852
27 15 0.000928587796596049 0.00293645244468066
27 16 0.0011405537153928 0.003584842449229
27 17 0.00134522842322355 0.00425398579058337
27 18 0.00105826719163386 0.00334653469859289
27 19 0.000986917484323883 0.00312090711310699
27 20 0.000718184280149158 0.00224922497024063
27 21 0.000309876466054201 0.000979915426015125
27 22 0.000139574609920212 0.000441373670877402
27 23 1.45824219319624e-05 4.61136671065941e-05
27 24 6.24960939941254e-06 1.97630001885406e-05
28 9 3.12480469970627e-06 9.8815000942703e-06
28 10 1.77072266316693e-05 3.80497557591479e-05
28 11 3.64560548299069e-05 7.87540794131891e-05
28 12 0.000214569922713163 0.000452779300856933
28 13 0.000504135158219281 0.00107016021406218
28 14 0.00117992625460909 0.00250164651747187
28 15 0.00212747119971669 0.00470312376206458
28 16 0.00324677624315146 0.00764010372098549
28 17 0.00402276941024516 0.0105133865884656
28 18 0.00431952169656065 0.0114676101978842
28 19 0.00386694581588648 0.0101405490237525
28 20 0.00273576651459285 0.00708412534073296
28 21 0.00160146240859946 0.00440666627152689
28 22 0.000891610940982848 0.00267232643285764
28 23 0.000341645313834549 0.00105860067030163
28 24 8.33281253254998e-05 0.000263506669180539
28 25 1.45824219319624e-05 4.61136671065941e-05
28 26 3.12480469970627e-06 9.8815000942703e-06
29 12 2.91648438639254e-05 6.22641967417595e-05
29 13 0.000273941212007582 0.000647211016521511
29 14 0.000629960627460786 0.00155415554386359
29 15 0.00149469824802617 0.0036070483285659
29 16 0.00256963106472512 0.00642427191243117
29 17 0.00378257608899439 0.0098377993935947
29 18 0.00504812199237544 0.0132603280093637
29 19 0.00522696498135534 0.0139897519874055
29 20 0.00421431993833721 0.0116208823387149
29 21 0.00278628419057141 0.00750849727577271
29 22 0.00137751807178718 0.00389468868118341
29 23 0.000447888673624562 0.00117668710604103
29 24 0.000168218653000853 0.000442064466587739
29 25 4.27056642293189e-05 0.000135047167955027
30 11 1.4582421931963e-05 4.6113667106596e-05
30 12 8.41614065787558e-05 0.000177560940509445
30 13 0.000323625606732913 0.000717681544651884
30 14 0.000868799866674987 0.00185770945815614
30 15 0.00254140366227107 0.00539695198110234
30 16 0.0046737703893506 0.00948363037821122
30 17 0.00844415974001634 0.0174798827016038
30 18 0.0123365206341273 0.0250768681256318
30 19 0.014994896152324 0.0299677765719376
30 20 0.0139618357186009 0.0282913779414886
30 21 0.0113821011186801 0.0243074894961798
30 22 0.00681728225319245 0.0154963955824663
30 23 0.00352894610753494 0.00834703785395153
30 24 0.0016436472720455 0.0041173174709619
30 25 0.000590588088244482 0.00173984568613112
30 26 0.000157281836551881 0.000497368838078268
30 27 1.87488281982376e-05 5.92890005656217e-05
30 28 6.24960939941254e-06 1.97630001885406e-05
31 11 1.24992187988251e-05 3.95260003770813e-05
31 12 0.000128116992687957 0.000284282817825687
31 13 0.000231235547778264 0.000527671693818721
31 14 0.000749953127929506 0.001263797977619
31 15 0.00184050996812699 0.00295411458651216
31 16 0.00406901651980086 0.00615099412778557
31 17 0.00673114180363735 0.00957295847422429
31 18 0.0100599962502344 0.0136720315567629
31 19 0.012745765889632 0.0177333088212325
31 20 0.0131530321021603 0.0180791651628514
31 21 0.0106495427369122 0.0152207055869401
31 22 0.00721829885632142 0.0107605442490083
31 23 0.00396631460533715 0.00566709342377808
31 24 0.00214830323104805 0.0031933608772518
31 25 0.000916609378580503 0.00148780994257428
31 26 0.000427056642293188 0.000802626684543317
31 27 0.000101035351957168 0.000249600714322321
31 28 3.4372851696769e-05 0.000108696501036973
31 29 6.24960939941254e-06 1.97630001885406e-05
32 11 9.3744140991188e-06 2.96445002828109e-05
32 12 9.3744140991188e-06 2.96445002828109e-05
32 13 2.91648438639254e-05 3.86002044585752e-05
32 14 0.000313522071537197 0.00055382999977045
32 15 0.000802345686727916 0.00108036775332063
32 16 0.00205153844551383 0.00292120407354333
32 17 0.00385725892131744 0.00507822243983303
32 18 0.00678186779992913 0.00906692042440738
32 19 0.00876413974126612 0.0124257640535404
32 20 0.0104824698456347 0.0140666521598299
32 21 0.00953148761535734 0.0125663615475094
32 22 0.00735443618107202 0.00915861404758239
32 23 0.00527883673937046 0.00679215018210057
32 24 0.00323990167281211 0.00408925019843562
32 25 0.00155823594358686 0.00233333320478418
32 26 0.000353102931066808 0.000568994817431772
32 27 0.0001166593754557 0.000219358201472607
32 28 3.74976563964752e-05 9.8595167520357e-05
32 29 6.24960939941254e-06 1.97630001885406e-05
33 11 6.24960939941254e-06 1.97630001885406e-05
33 13 3.74976563964752e-05 8.4363297007756e-05
33 14 0.00012603378955482 0.000265985966977644
33 15 0.000409349415661521 0.000667998826539737
33 16 0.00103639355873591 0.00175247378468023
33 17 0.00183634356186071 0.00308211333101559
33 18 0.00388152823781847 0.006517626178799
33 19 0.00671833010436843 0.0114467175793195
33 20 0.00940784950940575 0.0150469176463587
33 21 0.0104255984000999 0.0163801164836836
33 22 0.0107583901006187 0.0152997718785672
33 23 0.00838489261087856 0.0117977347812325
33 24 0.0056564173072516 0.00825435614212911
33 25 0.00292794200362478 0.00441176625068367
33 26 0.00117700977022269 0.00190943242054274
33 27 0.000229152344645124 0.000369666664005891
33 28 0.000129158594254525 0.000266969884650648
33 29 1.77072266316686e-05 3.92965962319597e-05
33 30 5.20800783284357e-06 1.64691668237832e-05
34 14 1.24992187988251e-05 2.63506669180541e-05
34 15 0.000196862696081495 0.00031526304504154
34 16 0.000611420119575861 0.00096290479852722
34 17 0.00164937608066163 0.00216243783944981
34 18 0.00430285607149556 0.00533158865382704
34 19 0.00813230423098557 0.0107074989604573
34 20 0.0136908109909798 0.0177023698897623
34 21 0.0182426098368851 0.0233664030730978
34 22 0.0212512759619191 0.0280808631816115
34 23 0.0197492865029268 0.0273079332939699
34 24 0.0162255484032246 0.0239629606013326
34 25 0.0106727704518467 0.0157446048433844
34 26 0.00615482365685482 0.00938297279997663
34 27 0.00242224444305562 0.00375609626323311
34 28 0.000795262796075244 0.0014113755677168
34 29 0.000331229298168864 0.000712815440396498
34 30 6.77041018269691e-05 0.000203356978992415
34 31 2.08320313313749e-05 6.58766672951346e-05
35 13 6.24960939941254e-06 1.97630001885406e-05
35 15 5.41632814615755e-05 9.10433655538702e-05
35 16 0.00035570693498323 0.000459657629201138
35 17 0.000907755765264674 0.00100411822668926
35 18 0.00264202237360166 0.00265777186282297
35 19 0.00556371476782703 0.00490049956262364
35 20 0.00971710101451989 0.00857604048271003
35 21 0.0136417515571944 0.0124729872247927
35 22 0.0167368706122533 0.0150359273968912
35 23 0.0188555923588108 0.0166791647706278
35 24 0.0167111430535591 0.0144347198105898
35 25 0.012854717413495 0.0107578675906477
35 26 0.0089746474178697 0.00764729197320405
35 27 0.00468095744016001 0.00410132283028163
35 28 0.0021868424890111 0.00226394502610191
35 29 0.000708809866050037 0.000765813109071648
35 30 0.000288523633939546 0.000417162547177927
35 31 1.24992187988251e-05 3.95260003770813e-05
36 15 3.12480469970627e-05 9.8815000942703e-05
36 16 8.1244922192363e-05 0.000193300597207042
36 17 0.000374455763181471 0.00062580161245359
36 18 0.00128002416515635 0.00194141756508799
36 19 0.00376455638189281 0.00531245343058531
36 20 0.00795835676936861 0.0106634317398498
36 21 0.0129533570818491 0.0156947964737532
36 22 0.0190065204258067 0.0214474945226355
36 23 0.0232405266337521 0.0239456182796427
36 24 0.0227630564756368 0.0225449818433111
36 25 0.0198989646480427 0.0190939084561876
36 26 0.0144903443534779 0.0148601207393406
36 27 0.00986344603462285 0.0105486733976694
36 28 0.00497000187488279 0.00604140584112314
36 29 0.00189727725350498 0.00305763047143854
36 30 0.000559860842030705 0.00103801706344341
36 31 0.000195300293731641 0.00039391004790478
36 32 6.24960939941254e-06 1.97630001885406e-05
36 33 1.24992187988251e-05 3.95260003770813e-05
37 14 1.24992187988251e-05 2.63506669180541e-05
37 15 6.24960939941254e-06 1.97630001885406e-05
37 16 6.87457033935379e-05 0.000123067770662183
37 17 0.000227694102451931 0.000357629414380685
37 18 0.000794741995291964 0.000917493261626713
37 19 0.00224183905172594 0.00269598806812491
37 20 0.00463054392433806 0.00563600997065982
37 21 0.00870758077620142 0.0110584604873363
37 22 0.0139442326521259 0.0169047087214703
37 23 0.0179948128241984 0.0200618622269571
37 24 0.0194993021269504 0.0219714134585969
37 25 0.019004645542987 0.0203683391456168
37 26 0.0157644313897049 0.0164592910496107
37 27 0.0103597691810928 0.0109311266119142
37 28 0.00614899068808201 0.0070521468267397
37 29 0.00298158448430306 0.00312539994724025
37 30 0.00112909609816053 0.00120726169936289
37 31 0.000303626856654792 0.000354434173449816
37 32 5.31216798950066e-05 0.00013664446970904
37 33 1.87488281982376e-05 4.21816485038781e-05
38 15 6.24960939941254e-06 1.97630001885406e-05
38 16 1.24992187988251e-05 3.95260003770813e-05
38 17 8.9577734724914e-05 0.000151516334778813
38 18 0.000119784180155406 0.000172852168099135
38 19 0.000557256838114286 0.000817054382410808
38 20 0.00131918838405933 0.00206711488453338
38 21 0.00253765389663146 0.00418645993325841
38 22 0.00442618169697724 0.00692709964404321
38 23 0.0065553194592004 0.00998164202506619
38 24 0.00825010936816442 0.0122776033344761
38 25 0.00822479845009689 0.0120301695169445
38 26 0.00695810678499259 0.0100530791146814
38 27 0.00564464720954939 0.00815432139190564
38 28 0.00356227735766514 0.00531863831756625
38 29 0.00173582901068684 0.0028263146707888
38 30 0.000669229006520424 0.00119212008405901
38 31 0.000146865820886195 0.00030970792584907
39 17 6.24960939941254e-06 1.97630001885406e-05
39 18 3.12480469970627e-05 9.8815000942703e-05
39 19 0.000143741016186488 0.000250071161042812
39 20 0.000526529591900509 0.0011894353358424
39 21 0.00149521904880945 0.00279534205517534
39 22 0.00304199737516406 0.0054243603554647
39 23 0.00591108889027769 0.01004044420907
39 24 0.00879267962419014 0.013511270301984
39 25 0.0111737808053664 0.0171171129065459
39 26 0.0117825969210257 0.0178097581877553
39 27 0.00971189300668709 0.0143165896207115
39 28 0.00702091535945671 0.0105342064445248
39 29 0.00453565402162364 0.00651033497094231
39 30 0.00188998604253901 0.00266855444941645
39 31 0.000591629689811052 0.000889074716892679
39 32 0.000137491406787076 0.00021458003511144
39 33 1.56240234985313e-05 3.37517483199376e-05
40 19 1.24992187988251e-05 3.95260003770813e-05
40 20 2.49984375976501e-05 7.90520007541622e-05
40 21 4.37472657958877e-05 0.00011802775221728
40 22 4.37472657958877e-05 9.33962951126382e-05
40 23 5.93712892944191e-05 0.000125382180162108
40 24 0.00015936503968502 0.000471478622094902
40 25 0.000281232422973564 0.000802641703614711
40 26 0.000381226173364164 0.000958024330228549
40 27 0.000474970314355353 0.00106475933815209
40 28 0.000224985938378851 0.000528821843667424
40 29 0.000243734766577089 0.000540389477994779
40 30 0.000187488281982376 0.000528657689746453
40 31 0.000124992187988251 0.000373817437346131
40 32 0.000118742578588838 0.000375497003582271
40 33 9.3744140991188e-05 0.000296445002828109
40 34 1.87488281982376e-05 5.92890005656217e-05
41 23 1.24992187988251e-05 3.95260003770813e-05
41 24 3.74976563964752e-05 0.000118578001131243
41 25 0.000143741016186488 0.000454549004336432
41 26 0.000262483594775327 0.000830046007918706
41 27 0.000381226173364165 0.00120554301150098
41 28 0.000581213674145366 0.00183795901753427
41 29 0.000512467970751828 0.00162056601546033
41 30 0.000281232422973564 0.000889335008484326
41 31 0.000124992187988251 0.000395260003770813
41 32 8.1244922192363e-05 0.000256919002451028
41 33 3.12480469970627e-05 9.8815000942703e-05
