0 1 13.531550334919 0.560076706257449
1 0 3.05005824677215 0.960417614428473
1 1 0.966837847458174 0.343910748259978
1 2 0.0571459081642559 0.0245492041612464
1 3 0.000980649127916384 0.00060922590674183
1 4 8.89881241303437e-06 2.81405156957677e-05
2 0 0.0957531631233214 0.0575072566626926
2 1 0.0699220140439439 0.0485517452982803
2 2 0.0162812671908876 0.012233201717097
2 3 0.00151926997378895 0.00153455248975605
2 4 4.04491473319742e-05 5.87093514574562e-05
3 0 0.00617901174643238 0.00981051840104431
3 1 0.00804129048959648 0.0107191105376562
3 2 0.00303045011811151 0.00497896154754801
3 3 0.000757208038054558 0.00121350558038376
3 4 5.82467721580429e-05 0.000131045249531221
4 0 2.91233860790215e-05 9.20962331861484e-05
4 1 6.31006698378798e-05 0.000168221774333496
4 2 6.31006698378798e-05 0.000144805687701935
18 6 9.70779535967382e-06 3.06987443953828e-05
18 7 1.94155907193476e-05 6.13974887907654e-05
18 8 4.85389767983691e-06 1.53493721976914e-05
18 9 9.70779535967382e-06 3.06987443953828e-05
18 10 1.45616930395107e-05 4.60481165930741e-05
18 12 1.61796589327929e-06 5.11645739923148e-06
18 13 1.94155907193476e-05 6.13974887907654e-05
18 14 8.08982946639453e-06 2.55822869961513e-05
18 15 9.70779535967382e-06 3.06987443953828e-05
19 3 4.85389767983691e-06 1.53493721976914e-05
19 4 4.85389767983691e-06 1.53493721976914e-05
19 5 2.91233860790215e-05 9.20962331861485e-05
19 6 0.00020386370255315 0.000644673632303038
19 7 0.000480535870303854 0.00148579139100092
19 8 0.000825971588518914 0.00261195150230715
19 9 0.00121671035174579 0.00384757596422132
19 10 0.0015467753939747 0.00489133327366434
19 11 0.00157104488237387 0.00496808013465275
19 12 0.00157589878005372 0.00498342950685048
19 13 0.00137365304339385 0.00434387233194668
19 14 0.000779050577613816 0.00246357423772944
19 15 0.000364042325987768 0.00115120291482685
19 16 0.000114875578422807 0.000363268475345363
19 17 2.42694883991845e-05 7.67468609884568e-05
20 5 1.94155907193476e-05 6.13974887907654e-05
20 6 2.91233860790215e-05 9.20962331861485e-05
20 7 0.000118111510209365 0.000275640486214711
20 8 0.000291233860790214 0.000854923134557995
20 9 0.000676309743390611 0.00202211648638994
20 10 0.00186227874316409 0.00472841408961989
20 11 0.00247953273145002 0.00662788871547595
20 12 0.00324321263307769 0.0086995879850611
20 13 0.00251108306636896 0.00638056770443522
20 14 0.00125554153318448 0.00294408742113744
20 15 0.000789567355920137 0.00168830690185889
20 16 0.000213571497912824 0.000470714080729201
20 17 2.91233860790214e-05 7.65761224877793e-05
20 18 4.85389767983691e-06 1.53493721976914e-05
21 6 4.36850791185322e-05 9.82839371484157e-05
21 7 0.000194155907193476 0.000458201542196753
21 8 0.000640714493738472 0.00136413705744444
21 9 0.00164223538167815 0.00366965103703903
21 10 0.0027473060867877 0.00619168768581274
21 11 0.00492395560301588 0.0107359584700773
21 12 0.00605070705109534 0.0131298324695697
21 13 0.00597838397566581 0.0127304050857111
21 14 0.00429650842960228 0.00925596891623806
21 15 0.00226029835291071 0.00512401734904148
21 16 0.000746691259748241 0.00186346489716162
21 17 0.000186066077727081 0.000555121873728377
21 18 2.42694883991836e-05 7.67468609884539e-05
22 6 1.94155907193476e-05 6.13974887907654e-05
22 7 0.000169886418794292 0.000311432167668514
22 8 0.000548490437821571 0.00121596353456215
22 9 0.00128951881694334 0.00304316259608705
22 10 0.00250299323690257 0.00586046241131592
22 11 0.00421480115199171 0.00983882104853886
22 12 0.00541371387891147 0.0125915300487652
22 13 0.00617496683169918 0.0144192465469029
22 14 0.00517279875740223 0.0121585222228627
22 15 0.00366226579943692 0.00914474905747028
22 16 0.00218975503996376 0.00541698134085886
22 17 0.000821117690839066 0.00183003176072412
22 18 0.000207099634339707 0.000486036523457747
22 19 2.75054201857422e-05 7.15694674628502e-05
23 6 1.94155907193476e-05 4.09316591938437e-05
23 7 4.36850791185322e-05 5.81117852508428e-05
23 8 0.000260492508817914 0.000327386646233326
23 9 0.00120053069281299 0.0013576523966948
23 10 0.00306038248713718 0.00313093947564206
23 11 0.00686260233634277 0.00688205263178618
23 12 0.0112052227939035 0.0108293113860145
23 13 0.0145390415170049 0.0137421129864611
23 14 0.0154350710287027 0.015587603491125
23 15 0.0120913827136524 0.0123552218926727
23 16 0.00744830598970973 0.00843926009783123
23 17 0.0038423454033589 0.00491728272035693
23 18 0.00186260233634274 0.00261986099307619
23 19 0.000650422289098144 0.00116931046714645
23 20 0.000143998964501826 0.00029097906951927
23 21 1.61796589327891e-05 5.11645739923027e-05
24 7 1.94155907193476e-05 4.09316591938437e-05
24 8 0.000101931851276575 0.000229329186679636
24 9 0.000535546710675339 0.000774089550142885
24 10 0.00179917807332622 0.0027763800241033
24 11 0.00492104326440799 0.00654977610705994
24 12 0.00979484192473223 0.0137778108087363
24 13 0.0152714946768922 0.0207305885637146
24 14 0.018977121962269 0.0259763112109242
24 15 0.017868815325373 0.0237557204591832
24 16 0.0140253373458888 0.0190082582413637
24 17 0.00947286671196971 0.0127660772166272
24 18 0.0046027893732 0.00589106651501711
24 19 0.00169142154483383 0.00220908372811868
24 20 0.000661424457172442 0.00101791353818268
24 21 0.000169401029026308 0.000270935140334977
25 8 0.000127010322622399 0.000150336904512657
25 9 0.000767724816360872 0.000640755009700988
25 10 0.00314532569653433 0.0024574056023034
25 11 0.00801459405235741 0.00515843774943428
25 12 0.0159620425201437 0.00906617743578502
25 13 0.0272344108986183 0.0137842539944775
25 14 0.0370473740413551 0.018560037369486
25 15 0.0417952949551824 0.0217205284833397
25 16 0.039966993495777 0.0217291227196759
25 17 0.0275280717082484 0.0158871805186009
25 18 0.0158148076238553 0.0100367176027984
25 19 0.00722826262822379 0.00460156732986979
25 20 0.00217940005824676 0.0014975253063616
25 21 0.000508041290489594 0.000626691194397699
25 22 0.00012620133967576 0.000170001948504206
25 23 8.08982946639453e-06 2.55822869961513e-05
26 8 6.47186357311588e-05 0.000121077480722711
26 9 0.000143998964501828 0.000224250306281056
26 10 0.000892308190143354 0.000643942859615506
26 11 0.00379251205384592 0.00263743825720955
26 12 0.00975067145584575 0.00671389786350356
26 13 0.0204672685499789 0.0119575409058431
26 14 0.0296904831246156 0.0184437827568215
26 15 0.0369114649063198 0.0239860134813974
26 16 0.0377985956056046 0.0270013246578004
26 17 0.0302303983432028 0.024208527166358
26 18 0.0195547357861696 0.0170582382764009
26 19 0.0103954308643174 0.00859917119512555
26 20 0.00486036954341002 0.00346774545021176
26 21 0.0018234475617254 0.00127820557153968
26 22 0.000443322654758435 0.000433958172303589
26 23 0.000129437271462318 0.000167102798917362
26 24 2.1033556612626e-05 6.65139461899941e-05
27 8 9.70779535967382e-06 3.06987443953828e-05
27 9 2.42694883991846e-05 4.12501983107853e-05
27 10 0.000202245736659873 0.000201831832952188
27 11 0.000900398019609748 0.00063158320989609
27 12 0.00300747500242695 0.00214059935528009
27 13 0.00672701679448597 0.00568429222042518
27 14 0.0128429278710805 0.00975726276830008
27 15 0.0175691680419377 0.0142167409867327
27 16 0.0206376403585413 0.0170069487430966
27 17 0.0187873345629874 0.0159582526835772
27 18 0.0158204705044818 0.0137644497169124
27 19 0.0108411804679157 0.00921964111286262
27 20 0.00521551305698475 0.00491339189014299
27 21 0.00236951105070705 0.00257793769342199
27 22 0.000724848720188975 0.000797934091367308
27 23 0.000173122350580849 0.000332464761411833
27 24 9.70779535967382e-06 3.06987443953828e-05
27 25 9.70779535967382e-06 3.06987443953828e-05
28 9 3.88311814386953e-05 9.37862132879621e-05
28 10 0.000177976248260687 0.000292728143871942
28 11 0.000438468757078601 0.000507389907859852
28 12 0.0013008445781963 0.00131010175139836
28 13 0.00350694107368217 0.00364426290524489
28 14 0.00706161214121606 0.0062301543912931
28 15 0.0121970358864835 0.0112090464466589
28 16 0.0148733132705562 0.012366178822174
28 17 0.0158973238844125 0.0123018247782397
28 18 0.0126984435168106 0.00968079504524422
28 19 0.00790974986247289 0.00578083860222708
28 20 0.00403423615830178 0.00314102845611992
28 21 0.00150551726369608 0.00155498788956258
28 22 0.000589586771510853 0.000863323313274259
28 23 0.00014076303271527 0.000269234580737561
28 24 0.000116493544316086 0.000368384932744594
28 25 1.94155907193476e-05 6.13974887907654e-05
28 26 2.91233860790215e-05 9.20962331861485e-05
29 9 9.70779535967382e-06 3.06987443953828e-05
29 10 2.91233860790214e-05 6.55226247656103e-05
29 11 0.000232987088632172 0.000417422657906277
29 12 0.000669837879817494 0.00137170686591657
29 13 0.00195288483318772 0.00399353293338811
29 14 0.00476329158981329 0.00976428140319848
29 15 0.00837216451477202 0.0173533186199955
29 16 0.0129291654531922 0.0269685169179231
29 17 0.0165199171601462 0.0347374739680383
29 18 0.017022619163188 0.0356544477632131
29 19 0.0139164482412711 0.0288574451180589
29 20 0.00966168333171539 0.0203348777542846
29 21 0.00517991780733261 0.0109849465571671
29 22 0.00206614244571724 0.00450355348071499
29 23 0.000723230754295699 0.00169638920867731
29 24 0.000116493544316086 0.000249817287196955
29 25 3.88311814386953e-05 0.000122794977581531
30 12 3.88311814386953e-05 0.000122794977581531
30 13 0.000155324725754781 0.000491179910326124
30 14 0.00053392874478206 0.00168843094174605
30 15 0.00114551985244151 0.00362245183865517
30 16 0.00123289001067857 0.0038987405382136
30 17 0.00158237064362683 0.00490242063714481
30 18 0.00135909135035434 0.00416317432898434
30 19 0.00123289001067857 0.00386475124299395
30 20 0.00073779244733521 0.00233310457404909
30 21 0.000368896223667605 0.00116655228702455
30 22 9.70779535967382e-05 0.000306987443953828
