126 20 20 135.89
0 1 13.7961335316138 0.167119351140998
1 0 9.28799292343984 0.660888814270437
1 1 3.31678879715569 0.304327977342458
1 2 0.194043980650565 0.0248920872696366
1 3 0.00277934464899236 0.000934596973088979
2 0 0.884973847495 0.0968371194259852
2 1 0.728385723809035 0.100775784593396
2 2 0.178514349691469 0.0279527763411788
2 3 0.0147924038083517 0.00331033979843837
2 4 0.000487154504897185 0.000168829318041001
2 5 1.53838264704374e-05 4.86479307753712e-05
3 0 0.123853477599439 0.0224345366442206
3 1 0.180034784540964 0.0303989442201656
3 2 0.0893590926961011 0.0143521643442146
3 3 0.0170828846383946 0.00355910765268141
3 4 0.0013178811343008 0.000548503701240898
3 5 5.38433926465309e-05 8.91878730881806e-05
3 6 4.61514794113122e-05 0.000145943792326113
4 0 0.0246393347349709 0.00599921697099645
4 1 0.0547865066748714 0.0127929488335514
4 2 0.0419034066629062 0.00823429222546296
4 3 0.0155940720988667 0.00324224793829081
4 4 0.00287122027930192 0.000961843507987245
4 5 0.000229902740030426 0.000206986647346256
4 6 1.96571116011145e-05 3.58209044755538e-05
5 0 0.00745688255303147 0.00345402528995622
5 1 0.022121942464489 0.00800443196433271
5 2 0.0258200434165769 0.00917586153026108
5 3 0.0148488111720767 0.00472192347864661
5 4 0.00469719501564022 0.00194899783014094
5 5 0.000720475873032153 0.000340126533791143
5 6 5.12794215681247e-05 9.59350132499343e-05
5 7 7.69191323521871e-06 2.43239653876856e-05
6 0 0.00221099772661231 0.00208294897485225
6 1 0.00869186195579714 0.00699169695665156
6 2 0.0135984479428405 0.00709770285779148
6 3 0.0113318975095294 0.00582243242197828
6 4 0.00562449788899714 0.00359547268700784
6 5 0.00138368972531323 0.00104791818013171
6 6 0.000227338768952019 0.000275624498467525
6 7 5.98259918294788e-05 0.00012066514301003
6 8 1.4529169444302e-05 4.59452679545172e-05
6 9 8.54657026135409e-06 2.70266282085395e-05
7 0 0.000376049091499581 0.000372623493649727
7 1 0.00261525049997436 0.00272945455406829
7 2 0.00635394766080372 0.00445622597765907
7 3 0.00713211288310001 0.00470325672605913
7 4 0.00504803172486881 0.00361790453806433
7 5 0.00227937028870314 0.00282620388788467
7 6 0.000638428798523152 0.00088253011804657
7 7 7.60644753260516e-05 0.000101400893229111
7 8 2.56397107840624e-06 8.10798846256188e-06
8 0 0.000403398116335914 0.000488756227903841
8 1 0.00215929097653112 0.00284539760163076
8 2 0.00500871750166657 0.00592035426922838
8 3 0.00565210331094132 0.00611787062948222
8 4 0.00516640172298857 0.00532149703547784
8 5 0.00381493256756064 0.00405954642433697
8 6 0.00115720561338735 0.0012793822062274
8 7 0.000276908876467873 0.00034404471914186
8 8 5.81166777772079e-05 0.000108241561622396
8 9 4.27328513067704e-06 1.35133141042697e-05
9 0 6.49539339862913e-05 0.000115383974068327
9 1 0.00063714681298395 0.000965872626858343
9 2 0.00243107191084217 0.00371787728261235
9 3 0.00453566483770063 0.00769897415674655
9 4 0.00500871750166657 0.00949391343092827
9 5 0.00320624583354701 0.00676973490823998
9 6 0.00137428849802574 0.0030151748624313
9 7 0.000602533203425465 0.00154717447236286
9 8 4.10235372544997e-05 9.90812556360489e-05
10 1 0.000579457463719809 0.00125720019494311
10 2 0.00262379707023572 0.00558217760721734
10 3 0.00558646565133413 0.0117961048203736
10 4 0.00713766815376987 0.014451726081632
10 5 0.00639112524144061 0.0131543527718456
10 6 0.00371220279301916 0.00734369849763999
10 7 0.00151231560774661 0.0028729293426367
10 8 0.000260670392971301 0.0005296000951989
10 9 4.61514794113123e-05 0.000128937129143094
11 1 8.7175016665812e-05 0.000177719347460062
11 2 0.000336734868297352 0.000596809312497752
11 3 0.00103755362972839 0.00198272325391495
11 4 0.00201699058167957 0.00415476432910582
11 5 0.00284515324000478 0.00594663680843865
11 6 0.00280327504572415 0.00598930922572835
11 7 0.00166230791583338 0.00351413900000266
11 8 0.000597405261268653 0.00126214610946353
11 9 0.000171786062253218 0.000392407655480794
11 10 1.53838264704374e-05 4.04497532304301e-05
12 0 3.07676529408748e-05 9.72958615507423e-05
12 1 3.07676529408748e-05 9.72958615507423e-05
12 2 0.000272635591337197 0.000826742451193247
12 3 0.000609370459634549 0.00170631085564655
12 4 0.00118626395227595 0.00325235349057605
12 5 0.00179221578380595 0.00445850732951996
12 6 0.00210245628429311 0.00475743895109779
12 7 0.0013683058988428 0.00290106078701341
12 8 0.000465788079243799 0.00108321948144679
12 9 0.000130762524998718 0.000378845465678385
12 10 3.07676529408749e-05 8.08995064608601e-05
13 2 4.61514794113122e-05 0.000145943792326113
13 3 0.000148710322547562 0.000470263330828589
13 4 0.000586294719928893 0.00180062260999033
13 5 0.00140804745055809 0.00436329232404197
13 6 0.00176401210194349 0.00543568318825558
13 7 0.00133027366117977 0.00398656561633062
13 8 0.000999948720578436 0.00307308331766311
13 9 0.000459805480060852 0.00144504618740039
13 10 9.82855580055725e-05 0.000293231650750015
13 11 4.27328513067689e-06 1.35133141042692e-05
14 3 7.69191323521871e-06 2.43239653876856e-05
14 4 0.000107686785293062 0.000340535515427599
14 5 0.000422200570910894 0.00133511543350186
14 6 0.000647830025810642 0.0020486184182073
14 7 0.000621335658000445 0.00196483587076083
14 8 0.000408526058492728 0.00129187282836819
14 9 0.000143582380390749 0.000454047353903464
14 10 6.66632480385621e-05 0.000210807700026608
14 11 2.05117686272499e-05 6.4863907700495e-05
15 5 2.56397107840624e-05 8.10798846256188e-05
15 6 3.41862810454165e-05 0.000108106512834158
15 7 3.76049091499581e-05 0.000118917164117574
15 8 6.15353058817497e-05 0.000194591723101485
15 9 2.05117686272499e-05 6.4863907700495e-05
15 10 5.12794215681247e-06 1.62159769251237e-05

177 25 25 135.89
0 1 13.0567648642412 0.502730658563912
1 0 3.94089121349641 0.868457972105995
1 1 1.17978245263185 0.328924444010446
1 2 0.0618578058098095 0.0253642453341724
1 3 0.000831346306694358 0.000910647952377482
2 0 0.150700587134323 0.0855432979087572
2 1 0.0946561802938236 0.0578495880798496
2 2 0.0192645437530446 0.0155320642447094
2 3 0.00109542855677768 0.00125251597880206
2 4 3.20488167576853e-05 7.2329098102756e-05
3 0 0.00944158141681409 0.0066027082594605
3 1 0.0079282362895162 0.00550853639529086
3 2 0.00298630874548112 0.00308220757591396
3 3 0.000373048227059457 0.000632154188567362
3 4 2.30751480655334e-05 5.19151263526307e-05
4 0 0.00200753788170141 0.00379426806497125
4 1 0.00163833551265287 0.00266289682218735
4 2 0.000488423967387124 0.000970913072030803
4 3 0.000134605030382278 0.000425658480524164
4 4 3.84585801092224e-05 0.00012161670872119
5 2 7.69171602184447e-06 2.4323341744238e-05
13 5 7.69171602184447e-06 2.4323341744238e-05
13 6 3.07668640873779e-05 9.7293366976952e-05
13 7 2.30751480655334e-05 7.29700252327139e-05
13 8 1.53834320436889e-05 4.86466834884758e-05
13 9 7.69171602184447e-06 2.4323341744238e-05
13 10 1.0255621362459e-05 3.24311223256497e-05
13 11 5.1278106812299e-06 1.62155611628261e-05
14 2 3.07668640873779e-05 9.7293366976952e-05
14 3 0.000146142604415045 0.000462143493140522
14 4 0.000161526036458734 0.000510790176628998
14 5 0.000881983437171501 0.00278907652000596
14 6 0.00194985001153757 0.0061076355032818
14 7 0.0033664077122273 0.0105826056969384
14 8 0.00313693818424226 0.00990636394677562
14 9 0.0018460118452427 0.0058376020186172
14 10 0.00131977027408147 0.00414652457872894
14 11 0.000513422044458117 0.00162358306142788
14 12 0.000119221598338589 0.000377011797035688
14 13 3.46127220983001e-05 0.000109455037849071
15 2 1.15375740327667e-05 3.64850126163569e-05
15 3 0.000111529882316744 0.000326558414204349
15 4 0.000532010358177576 0.00140792218714993
15 5 0.0013402815168064 0.002767306732543
15 6 0.0030087429172115 0.00619891259202308
15 7 0.00453106171320155 0.00925806363676754
15 8 0.00455093197959131 0.00930311246098288
15 9 0.00442145475989025 0.00857481958229392
15 10 0.00286772812347769 0.00516173802621005
15 11 0.00101274260954285 0.00168724972325248
15 12 0.000275619824116094 0.000498122886385484
15 13 9.6146450273056e-05 0.000194628957396726
15 14 3.07668640873779e-05 7.43090364648331e-05
16 2 1.28195267030741e-05 4.05389029070632e-05
16 3 0.000126913314360434 0.000223879330865446
16 4 0.000726226187729149 0.0013313875520083
16 5 0.00225880060508166 0.00381516116921932
16 6 0.00533100017947337 0.0077789625871839
16 7 0.00993321026587702 0.013205210847841
16 8 0.0131842422377766 0.0176846878244912
16 9 0.0135002435710074 0.01913781210539
16 10 0.00997743763300259 0.0154765016492167
16 11 0.00569058790349458 0.0088998003164349
16 12 0.00233828167064072 0.00463309274492861
16 13 0.000502525446760502 0.00109035163698109
16 14 0.00014357869907443 0.000331869241605708
16 15 7.69171602184447e-06 2.4323341744238e-05
17 2 1.15375740327667e-05 2.59575631763154e-05
17 3 0.000244852960028716 0.000668269192633607
17 4 0.00101017870420224 0.00232818511139298
17 5 0.00214791169910007 0.00314530171117906
17 6 0.00579314411711922 0.00720777804962191
17 7 0.0130509191600646 0.0148807688353391
17 8 0.0204349665410352 0.0237769323541177
17 9 0.0229892572366228 0.0260733561786638
17 10 0.0232103940722509 0.0266667916658389
17 11 0.0145347793759455 0.0180071507384815
17 12 0.00780965566751277 0.0103097975398151
17 13 0.00298951362715689 0.00446394008638396
17 14 0.00102171627823501 0.00140447846742417
17 15 0.000226905622644412 0.00045593201363845
17 16 6.92254441966003e-05 0.000218910075698142
18 3 2.30751480655334e-05 5.19151263526307e-05
18 4 0.000229469527985027 0.000219097675420374
18 5 0.00137874009691562 0.00139252573910548
18 6 0.00438594467092275 0.00403860018262535
18 7 0.0107584031997539 0.00854510493952455
18 8 0.0203484347357896 0.0144142199968766
18 9 0.0268287054841935 0.0187685671845949
18 10 0.0268646001589621 0.0187181730119609
18 11 0.0199670538163731 0.0137079457558921
18 12 0.0122148296284902 0.00866454983265157
18 13 0.006009153142066 0.00510451636992594
18 14 0.00251070430479706 0.00258919188592945
18 15 0.000853780478424735 0.0010781358298331
18 16 0.000216906391816014 0.000426318088647375
18 17 5.38420121529113e-05 0.000145262830799839
18 18 1.53834320436889e-05 4.86466834884758e-05
19 4 9.23005922621336e-05 0.000147508139001026
19 5 0.000546111837550959 0.000516372204695829
19 6 0.00286836909981283 0.00136026411219448
19 7 0.0082006512319565 0.00431673670513321
19 8 0.0180191267338411 0.00961839177727987
19 9 0.0290881470656102 0.0169229186211082
19 10 0.033285260108197 0.0203842858013321
19 11 0.0306969976668462 0.0198238167724293
19 12 0.0221803451016589 0.0151224423786553
19 13 0.0124451965233443 0.00942830614148463
19 14 0.00492910801733199 0.00406513213145654
19 15 0.00154475296772043 0.00151489046105952
19 16 0.000337153552290848 0.000537743109758809
20 4 3.07668640873779e-05 7.43090364648331e-05
20 5 0.000155116273107197 0.000203274741673392
20 6 0.0013486142091634 0.00103715525831279
20 7 0.00487911186319001 0.00379955816031439
20 8 0.0126823577673512 0.0104298443389644
20 9 0.0265050124349408 0.0211718282600137
20 10 0.0390548162961823 0.0317683762956653
20 11 0.0436077994000462 0.0334471846200049
20 12 0.0405176524882702 0.0309489083392488
20 13 0.0283740994282492 0.0214973626998408
20 14 0.0142399302617748 0.0105174384710601
20 15 0.00618670358690355 0.00497069771050007
20 16 0.00156782811578596 0.00157020509490696
20 17 7.94810655590592e-05 8.60596766072634e-05
21 3 3.84585801092231e-06 1.21616708721192e-05
21 4 3.84585801092224e-05 0.00012161670872119
21 5 4.87142014716818e-05 0.000129301519512445
21 6 0.000270492013434864 0.000387162440852579
21 7 0.00127233802528011 0.00132725015423342
21 8 0.0047989898212958 0.00476834320756673
21 9 0.0108639079045202 0.0102988284979462
21 10 0.0194273517421737 0.0196278760872638
21 11 0.0265056534112761 0.0266032709270997
21 12 0.0267412763120786 0.0271814107931951
21 13 0.0219658744199164 0.0220792076188673
21 14 0.0132291105812374 0.013501449830671
21 15 0.00635015255236777 0.00666256047070347
21 16 0.00213893803040791 0.0026854657027554
21 17 0.000662769530548931 0.000932194988546963
21 18 0.000106402071635515 0.000180492987426637
21 19 1.15375740327667e-05 2.59575631763154e-05
22 5 6.92254441966002e-05 0.000136634747014068
22 6 0.000276901776786401 0.000454975820958093
22 7 0.000974284029433633 0.001286516843187
22 8 0.00282926954336846 0.00337580355984343
22 9 0.00587454811168374 0.00652862166111325
22 10 0.0111363228469605 0.0132392014103669
22 11 0.0171890623798169 0.0199758544742944
22 12 0.0216605132938493 0.0256861468522585
22 13 0.0201471681665514 0.0240278704922755
22 14 0.0133803809963336 0.015454437098279
22 15 0.00668346024664769 0.00766639140601961
22 16 0.00256646924595544 0.00335161262116254
22 17 0.000650590980181011 0.00122314845540792
22 18 0.000115375740327667 0.000243908130021286
23 6 7.69171602184447e-06 2.4323341744238e-05
23 7 6.92254441966003e-05 0.000147061819856934
23 8 0.000212804143271031 0.000371751539008959
23 9 0.000426249262877215 0.000724497038330922
23 10 0.00160692767223034 0.00262252212233807
23 11 0.00340999410301772 0.00585533899463174
23 12 0.0053015152680563 0.0095002401930033
23 13 0.00608222444427346 0.0112637367665425
23 14 0.0052592108299362 0.0114920505735155
23 15 0.0036772812347768 0.00891497598542353
23 16 0.00233187190728917 0.00668242263932142
23 17 0.00117042278799067 0.00362085029767449
23 18 0.000369202369048534 0.00114075060969151
23 19 4.23044381201446e-05 0.000133778379593309
24 9 7.69171602184447e-06 2.4323341744238e-05
24 10 7.69171602184447e-06 2.4323341744238e-05
24 11 6.15337281747558e-05 0.000129724489302603
24 12 6.92254441966002e-05 0.000155745379057892
24 13 4.61502961310669e-05 0.00012134614841114
24 14 3.84585801092223e-05 8.30800284389387e-05
24 15 1.53834320436889e-05 4.86466834884758e-05

212 30 30 135.89
0 1 13.531550334919 0.560076706257449
1 0 3.05005824677215 0.960417614428473
1 1 0.966837847458174 0.343910748259978
1 2 0.0571459081642559 0.0245492041612464
1 3 0.000980649127916384 0.00060922590674183
1 4 8.89881241303437e-06 2.81405156957677e-05
2 0 0.0957531631233214 0.0575072566626926
2 1 0.0699220140439439 0.0485517452982803
2 2 0.0162812671908876 0.012233201717097
2 3 0.00151926997378895 0.00153455248975605
2 4 4.04491473319742e-05 5.87093514574562e-05
3 0 0.00617901174643238 0.00981051840104431
3 1 0.00804129048959648 0.0107191105376562
3 2 0.00303045011811151 0.00497896154754801
3 3 0.000757208038054558 0.00121350558038376
3 4 5.82467721580429e-05 0.000131045249531221
4 0 2.91233860790215e-05 9.20962331861484e-05
4 1 6.31006698378798e-05 0.000168221774333496
4 2 6.31006698378798e-05 0.000144805687701935
18 6 9.70779535967382e-06 3.06987443953828e-05
18 7 1.94155907193476e-05 6.13974887907654e-05
18 8 4.85389767983691e-06 1.53493721976914e-05
18 9 9.70779535967382e-06 3.06987443953828e-05
18 10 1.45616930395107e-05 4.60481165930741e-05
18 12 1.61796589327929e-06 5.11645739923148e-06
18 13 1.94155907193476e-05 6.13974887907654e-05
18 14 8.08982946639453e-06 2.55822869961513e-05
18 15 9.70779535967382e-06 3.06987443953828e-05
19 3 4.85389767983691e-06 1.53493721976914e-05
19 4 4.85389767983691e-06 1.53493721976914e-05
19 5 2.91233860790215e-05 9.20962331861485e-05
19 6 0.00020386370255315 0.000644673632303038
19 7 0.000480535870303854 0.00148579139100092
19 8 0.000825971588518914 0.00261195150230715
19 9 0.00121671035174579 0.00384757596422132
19 10 0.0015467753939747 0.00489133327366434
19 11 0.00157104488237387 0.00496808013465275
19 12 0.00157589878005372 0.00498342950685048
19 13 0.00137365304339385 0.00434387233194668
19 14 0.000779050577613816 0.00246357423772944
19 15 0.000364042325987768 0.00115120291482685
19 16 0.000114875578422807 0.000363268475345363
19 17 2.42694883991845e-05 7.67468609884568e-05
20 5 1.94155907193476e-05 6.13974887907654e-05
20 6 2.91233860790215e-05 9.20962331861485e-05
20 7 0.000118111510209365 0.000275640486214711
20 8 0.000291233860790214 0.000854923134557995
20 9 0.000676309743390611 0.00202211648638994
20 10 0.00186227874316409 0.00472841408961989
20 11 0.00247953273145002 0.00662788871547595
20 12 0.00324321263307769 0.0086995879850611
20 13 0.00251108306636896 0.00638056770443522
20 14 0.00125554153318448 0.00294408742113744
20 15 0.000789567355920137 0.00168830690185889
20 16 0.000213571497912824 0.000470714080729201
20 17 2.91233860790214e-05 7.65761224877793e-05
20 18 4.85389767983691e-06 1.53493721976914e-05
21 6 4.36850791185322e-05 9.82839371484157e-05
21 7 0.000194155907193476 0.000458201542196753
21 8 0.000640714493738472 0.00136413705744444
21 9 0.00164223538167815 0.00366965103703903
21 10 0.0027473060867877 0.00619168768581274
21 11 0.00492395560301588 0.0107359584700773
21 12 0.00605070705109534 0.0131298324695697
21 13 0.00597838397566581 0.0127304050857111
21 14 0.00429650842960228 0.00925596891623806
21 15 0.00226029835291071 0.00512401734904148
21 16 0.000746691259748241 0.00186346489716162
21 17 0.000186066077727081 0.000555121873728377
21 18 2.42694883991836e-05 7.67468609884539e-05
22 6 1.94155907193476e-05 6.13974887907654e-05
22 7 0.000169886418794292 0.000311432167668514
22 8 0.000548490437821571 0.00121596353456215
22 9 0.00128951881694334 0.00304316259608705
22 10 0.00250299323690257 0.00586046241131592
22 11 0.00421480115199171 0.00983882104853886
22 12 0.00541371387891147 0.0125915300487652
22 13 0.00617496683169918 0.0144192465469029
22 14 0.00517279875740223 0.0121585222228627
22 15 0.00366226579943692 0.00914474905747028
22 16 0.00218975503996376 0.00541698134085886
22 17 0.000821117690839066 0.00183003176072412
22 18 0.000207099634339707 0.000486036523457747
22 19 2.75054201857422e-05 7.15694674628502e-05
23 6 1.94155907193476e-05 4.09316591938437e-05
23 7 4.36850791185322e-05 5.81117852508428e-05
23 8 0.000260492508817914 0.000327386646233326
23 9 0.00120053069281299 0.0013576523966948
23 10 0.00306038248713718 0.00313093947564206
23 11 0.00686260233634277 0.00688205263178618
23 12 0.0112052227939035 0.0108293113860145
23 13 0.0145390415170049 0.0137421129864611
23 14 0.0154350710287027 0.015587603491125
23 15 0.0120913827136524 0.0123552218926727
23 16 0.00744830598970973 0.00843926009783123
23 17 0.0038423454033589 0.00491728272035693
23 18 0.00186260233634274 0.00261986099307619
23 19 0.000650422289098144 0.00116931046714645
23 20 0.000143998964501826 0.00029097906951927
23 21 1.61796589327891e-05 5.11645739923027e-05
24 7 1.94155907193476e-05 4.09316591938437e-05
24 8 0.000101931851276575 0.000229329186679636
24 9 0.000535546710675339 0.000774089550142885
24 10 0.00179917807332622 0.0027763800241033
24 11 0.00492104326440799 0.00654977610705994
24 12 0.00979484192473223 0.0137778108087363
24 13 0.0152714946768922 0.0207305885637146
24 14 0.018977121962269 0.0259763112109242
24 15 0.017868815325373 0.0237557204591832
24 16 0.0140253373458888 0.0190082582413637
24 17 0.00947286671196971 0.0127660772166272
24 18 0.0046027893732 0.00589106651501711
24 19 0.00169142154483383 0.00220908372811868
24 20 0.000661424457172442 0.00101791353818268
24 21 0.000169401029026308 0.000270935140334977
25 8 0.000127010322622399 0.000150336904512657
25 9 0.000767724816360872 0.000640755009700988
25 10 0.00314532569653433 0.0024574056023034
25 11 0.00801459405235741 0.00515843774943428
25 12 0.0159620425201437 0.00906617743578502
25 13 0.0272344108986183 0.0137842539944775
25 14 0.0370473740413551 0.018560037369486
25 15 0.0417952949551824 0.0217205284833397
25 16 0.039966993495777 0.0217291227196759
25 17 0.0275280717082484 0.0158871805186009
25 18 0.0158148076238553 0.0100367176027984
25 19 0.00722826262822379 0.00460156732986979
25 20 0.00217940005824676 0.0014975253063616
25 21 0.000508041290489594 0.000626691194397699
25 22 0.00012620133967576 0.000170001948504206
25 23 8.08982946639453e-06 2.55822869961513e-05
26 8 6.47186357311588e-05 0.000121077480722711
26 9 0.000143998964501828 0.000224250306281056
26 10 0.000892308190143354 0.000643942859615506
26 11 0.00379251205384592 0.00263743825720955
26 12 0.00975067145584575 0.00671389786350356
26 13 0.0204672685499789 0.0119575409058431
26 14 0.0296904831246156 0.0184437827568215
26 15 0.0369114649063198 0.0239860134813974
26 16 0.0377985956056046 0.0270013246578004
26 17 0.0302303983432028 0.024208527166358
26 18 0.0195547357861696 0.0170582382764009
26 19 0.0103954308643174 0.00859917119512555
26 20 0.00486036954341002 0.00346774545021176
26 21 0.0018234475617254 0.00127820557153968
26 22 0.000443322654758435 0.000433958172303589
26 23 0.000129437271462318 0.000167102798917362
26 24 2.1033556612626e-05 6.65139461899941e-05
27 8 9.70779535967382e-06 3.06987443953828e-05
27 9 2.42694883991846e-05 4.12501983107853e-05
27 10 0.000202245736659873 0.000201831832952188
27 11 0.000900398019609748 0.00063158320989609
27 12 0.00300747500242695 0.00214059935528009
27 13 0.00672701679448597 0.00568429222042518
27 14 0.0128429278710805 0.00975726276830008
27 15 0.0175691680419377 0.0142167409867327
27 16 0.0206376403585413 0.0170069487430966
27 17 0.0187873345629874 0.0159582526835772
27 18 0.0158204705044818 0.0137644497169124
27 19 0.0108411804679157 0.00921964111286262
27 20 0.00521551305698475 0.00491339189014299
27 21 0.00236951105070705 0.00257793769342199
27 22 0.000724848720188975 0.000797934091367308
27 23 0.000173122350580849 0.000332464761411833
27 24 9.70779535967382e-06 3.06987443953828e-05
27 25 9.70779535967382e-06 3.06987443953828e-05
28 9 3.88311814386953e-05 9.37862132879621e-05
28 10 0.000177976248260687 0.000292728143871942
28 11 0.000438468757078601 0.000507389907859852
28 12 0.0013008445781963 0.00131010175139836
28 13 0.00350694107368217 0.00364426290524489
28 14 0.00706161214121606 0.0062301543912931
28 15 0.0121970358864835 0.0112090464466589
28 16 0.0148733132705562 0.012366178822174
28 17 0.0158973238844125 0.0123018247782397
28 18 0.0126984435168106 0.00968079504524422
28 19 0.00790974986247289 0.00578083860222708
28 20 0.00403423615830178 0.00314102845611992
28 21 0.00150551726369608 0.00155498788956258
28 22 0.000589586771510853 0.000863323313274259
28 23 0.00014076303271527 0.000269234580737561
28 24 0.000116493544316086 0.000368384932744594
28 25 1.94155907193476e-05 6.13974887907654e-05
28 26 2.91233860790215e-05 9.20962331861485e-05
29 9 9.70779535967382e-06 3.06987443953828e-05
29 10 2.91233860790214e-05 6.55226247656103e-05
29 11 0.000232987088632172 0.000417422657906277
29 12 0.000669837879817494 0.00137170686591657
29 13 0.00195288483318772 0.00399353293338811
29 14 0.00476329158981329 0.00976428140319848
29 15 0.00837216451477202 0.0173533186199955
29 16 0.0129291654531922 0.0269685169179231
29 17 0.0165199171601462 0.0347374739680383
29 18 0.017022619163188 0.0356544477632131
29 19 0.0139164482412711 0.0288574451180589
29 20 0.00966168333171539 0.0203348777542846
29 21 0.00517991780733261 0.0109849465571671
29 22 0.00206614244571724 0.00450355348071499
29 23 0.000723230754295699 0.00169638920867731
29 24 0.000116493544316086 0.000249817287196955
29 25 3.88311814386953e-05 0.000122794977581531
30 12 3.88311814386953e-05 0.000122794977581531
30 13 0.000155324725754781 0.000491179910326124
30 14 0.00053392874478206 0.00168843094174605
30 15 0.00114551985244151 0.00362245183865517
30 16 0.00123289001067857 0.0038987405382136
30 17 0.00158237064362683 0.00490242063714481
30 18 0.00135909135035434 0.00416317432898434
30 19 0.00123289001067857 0.00386475124299395
30 20 0.00073779244733521 0.00233310457404909
30 21 0.000368896223667605 0.00116655228702455
30 22 9.70779535967382e-05 0.000306987443953828

213 35 35 135.89
0 1 13.9911913151128 0.674601808288356
1 0 2.73325873726311 1.17762405002038
1 1 0.937820207599271 0.43449326075986
1 2 0.0601998222391518 0.0282617835821722
1 3 0.00126575246801892 0.000933111956031533
1 4 4.7614512903533e-06 1.50570310454641e-05
2 0 0.0955718502999715 0.0587149699957373
2 1 0.074030251087198 0.0520636476115903
2 2 0.0176848236675872 0.0133694023911034
2 3 0.00141653175888011 0.00115839180475933
2 4 6.90410437101229e-05 9.22468372514377e-05
3 0 0.00554867790369172 0.00680782990790361
3 1 0.00640097768466495 0.00853987327024849
3 2 0.00373139066120686 0.00498914874531865
3 3 0.00101736342570549 0.0015767016842387
3 4 0.000185696600323779 0.000355925340306952
4 0 0.000776116560327588 0.00136680286282786
4 1 0.00091737294860807 0.00172986938678591
4 2 0.00109989524807161 0.0024516785296895
4 3 0.000330127289464495 0.000814111739621463
4 4 9.52290258070661e-05 0.000254934107929547
24 10 9.5229025807066e-06 3.01140620909283e-05
24 11 9.5229025807066e-06 3.01140620909283e-05
24 12 4.7614512903533e-05 0.000150570310454641
24 13 2.38072564517665e-05 7.52851552273207e-05
24 14 4.7614512903533e-06 1.50570310454641e-05
25 10 4.7614512903533e-06 1.50570310454641e-05
25 11 3.33301590324731e-05 0.000105399217318249
25 12 0.000104751928387773 0.000249518803733942
25 13 0.000241246865377901 0.000465912687826095
25 14 0.000642795924197694 0.00126043351524641
25 15 0.000822143922801002 0.00150387656402251
25 16 0.000607878614735104 0.00112143781070707
25 17 0.000515823889788275 0.000936590604572521
25 18 0.000217439608926133 0.000409667272112864
25 19 9.99904770974193e-05 0.00021813937781835
25 20 2.38072564517665e-05 7.52851552273207e-05
25 21 1.90458051614132e-05 6.02281241818566e-05
26 8 4.7614512903533e-06 1.50570310454641e-05
26 9 1.58715043011777e-05 5.01901034848806e-05
26 10 8.72932736564778e-05 0.000161208445599813
26 11 0.000219026759356252 0.000506386943649037
26 12 0.000618988667745934 0.00112845911919869
26 13 0.00161238612195663 0.0027805404352839
26 14 0.00322286766339713 0.00545981881586861
26 15 0.0051453829793988 0.00859520163724159
26 16 0.00604720185379169 0.00960903583353885
26 17 0.00719582262006794 0.0116089282561833
26 18 0.00611656032758782 0.00958104711355282
26 19 0.00414151033234929 0.00688914690881848
26 20 0.00228867092022982 0.00366798175341375
26 21 0.00119909214995397 0.00197796294147645
26 22 0.000620575818176048 0.0010086823471694
26 23 0.000179347998603305 0.000278448293143714
26 24 2.38072564517646e-05 7.52851552273147e-05
26 25 9.5229025807066e-06 3.01140620909283e-05
27 9 1.58715043011777e-05 5.01901034848806e-05
27 10 3.33301590324734e-05 7.79159934522662e-05
27 11 0.000189664476399074 0.000430915320189705
27 12 0.000418214138336035 0.000576907895237533
27 13 0.00106339078817891 0.00131627739463305
27 14 0.00212598800114276 0.00271244232943169
27 15 0.00386471129733677 0.0048063921636895
27 16 0.00546852680697076 0.00649531652983156
27 17 0.006415262038536 0.00781782912181907
27 18 0.00634701457004098 0.00795824792628231
27 19 0.00496587626575248 0.00629416804577856
27 20 0.00336190204107543 0.0043734333087577
27 21 0.00193949782560388 0.00267842104845385
27 22 0.00076341935688664 0.00109455091976817
27 23 0.000214265308065897 0.000322091184589358
27 24 6.18988667745929e-05 0.000127071192592757
27 25 4.7614512903533e-06 1.50570310454641e-05
28 10 4.7614512903533e-06 1.50570310454641e-05
28 11 0.000101577627527537 0.000236622075476232
28 12 0.000363457448496969 0.000503818537586459
28 13 0.00144113259054693 0.00150253593815112
28 14 0.00327905278862332 0.00306799777194316
28 15 0.00629987620226646 0.005915945867758
28 16 0.0105672475637242 0.0103511246550258
28 17 0.0134810970383774 0.0133729500595723
28 18 0.0156653334603053 0.0158245783777771
28 19 0.0142622924800812 0.0146167277359127
28 20 0.0111709995873408 0.0120393312167834
28 21 0.00682157254864618 0.00727500405177716
28 22 0.00341110370440909 0.00417889563768273
28 23 0.00142684823667586 0.00203088010470341
28 24 0.000242834015808017 0.000425617470060188
28 25 3.33301590324731e-05 7.11567525996251e-05
28 26 2.85687077421198e-05 9.03421862727848e-05
28 27 3.80916103228264e-05 0.000120456248363713
29 9 4.7614512903533e-06 1.50570310454641e-05
29 10 4.7614512903533e-05 0.000118771462615432
29 11 0.000180935149033426 0.000281164145418598
29 12 0.000428530616131797 0.000654569949030104
29 13 0.00174507189791449 0.00214455436831315
29 14 0.00421309081674761 0.00461508160143932
29 15 0.00886629844776693 0.00949766360018829
29 16 0.0169512427387868 0.0166774105400889
29 17 0.0268074469098181 0.026131527086929
29 18 0.0329178173507285 0.0334111876387503
29 19 0.0329851125289657 0.0323356426197494
29 20 0.0262311525886425 0.0265521077391594
29 21 0.0178409992699109 0.0189740493484945
29 22 0.0097384376091166 0.0115550564450497
29 23 0.00408278576643494 0.004625381607339
29 24 0.00123400945941656 0.00140967418576076
29 25 0.000380122528013201 0.00035261201977952
29 26 3.1743008602355e-05 8.97827865519535e-05
30 11 1.74586547312951e-05 3.69957014401736e-05
30 12 0.000168237945592484 0.000252972284159495
30 13 0.000612640066025461 0.000714715219287964
30 14 0.00183633304764626 0.00181329264358506
30 15 0.00406754912230583 0.00368611622589263
30 16 0.00787623400945941 0.00685312353190029
30 17 0.012790051741104 0.0112572586950189
30 18 0.0184969685426785 0.0171820744656475
30 19 0.0200442814970004 0.0187074153142873
30 20 0.020215852458496 0.0191564271413531
30 21 0.0167128527441832 0.015825903118733
30 22 0.0107805605815319 0.0108326709342974
30 23 0.00631892200742786 0.00631953016258252
30 24 0.00272545471859821 0.00294401652807066
30 25 0.0011914738278894 0.00142712726029554
30 26 0.000254737644033902 0.000412327474392443
30 27 6.42795924197686e-05 0.000108322936109148
30 28 4.7614512903533e-06 1.50570310454641e-05
31 12 4.7614512903533e-06 1.50570310454641e-05
31 13 7.14217693552995e-05 0.000117169976353311
31 14 0.000364251023712029 0.000396689721178779
31 15 0.00125353140970702 0.0016262138795158
31 16 0.00290797701806179 0.00286293399526937
31 17 0.00600260292670537 0.00562072418445846
31 18 0.00915389010570422 0.00778058152068238
31 19 0.0125421388439196 0.00993633926581408
31 20 0.0134284036440974 0.0110780927724571
31 21 0.0115909595911501 0.00961735109492993
31 22 0.00818493476811731 0.00739519586560481
31 23 0.00538758213503476 0.00485313249694705
31 24 0.00310129194045009 0.00317602377350527
31 25 0.00101260197441513 0.00124455152785735
31 26 0.000532488969304509 0.00101594468938696
31 27 0.000177760848173189 0.000433808213711578
31 28 1.90458051614132e-05 6.02281241818566e-05
32 12 9.5229025807066e-06 3.01140620909283e-05
32 13 4.68209376884744e-05 7.04302660480907e-05
32 14 0.000245214741453197 0.000242049836109872
32 15 0.00128765514395455 0.00143891350354784
32 16 0.00332079484493542 0.00339813548909357
32 17 0.0061676665714376 0.00591111776034605
32 18 0.0112309938735994 0.0104747181471325
32 19 0.0178702028378251 0.0168782124739211
32 20 0.0221324953179062 0.0208216706591263
32 21 0.0231501761736977 0.0220911388105457
32 22 0.019351649049297 0.018470002908721
32 23 0.0145203631400184 0.0135743893845483
32 24 0.00900073008919784 0.00841894566670204
32 25 0.00442529282925435 0.00397547518523931
32 26 0.00164190711995683 0.00145525553767337
32 27 0.00040472335968003 0.000432350834507322
32 28 6.66603180649462e-05 0.000155831986904531
33 11 9.5229025807066e-06 3.01140620909283e-05
33 12 3.49173094625912e-05 8.25725085023729e-05
33 13 8.41189727962413e-05 0.000162557059696782
33 14 0.000314255785163317 0.000566147926880068
33 15 0.000980065390597721 0.00150357898315249
33 16 0.00223470780560581 0.00279112736586478
33 17 0.00537536107672285 0.00737413523595639
33 18 0.0112722597847824 0.0150029520162363
33 19 0.0180205059835571 0.0237768512878693
33 20 0.0235488683617434 0.0329325649114827
33 21 0.0267584039615274 0.03825650229365
33 22 0.0244868742659432 0.0380486355182093
33 23 0.0196000380916102 0.0299738730543914
33 24 0.0124662730533601 0.0183729625958561
33 25 0.00614703361584613 0.00909657084231917
33 26 0.00236326699044535 0.00353235533184054
33 27 0.000898327143446654 0.00141951557609531
33 28 0.000285687077421198 0.000570049995113734
33 29 4.7614512903533e-05 0.000102859103869598
33 30 4.7614512903533e-05 0.000102859103869598
34 14 2.85687077421198e-05 6.42746936206602e-05
34 15 0.000238072564517665 0.000402147714799224
34 16 0.000659461003713932 0.00107294479939619
34 17 0.00239342284861758 0.0034671865328284
34 18 0.00494238643938672 0.00809960806679919
34 19 0.00948719169602895 0.0168811649165166
34 20 0.0147704980478051 0.0270910027256938
34 21 0.020533917404692 0.0373146834458216
34 22 0.0223075580103483 0.0403168173890105
34 23 0.0204647176459384 0.035157161166973
34 24 0.0147565311240199 0.0244090960328909
34 25 0.00834682411198938 0.0140362465926547
34 26 0.00405516934895089 0.00634295159594343
34 27 0.00171809034060247 0.00243846565902881
34 28 0.00058883280957369 0.000787323670990437
34 29 0.000153953591721423 0.000266638123133191
34 30 2.85687077421198e-05 4.59999896714263e-05
35 16 9.5229025807066e-06 3.01140620909283e-05
35 17 0.000133320636129893 0.00033352824903187
35 18 0.000409484810970384 0.000886590810949614
35 19 0.00127606894581468 0.00275276131962247
35 20 0.00249500047614513 0.00573658611627872
35 21 0.00441862679744786 0.0101183248625519
35 22 0.00513284449100086 0.0119990629916489
35 23 0.00598990572326445 0.0135508409022725
35 24 0.00487572612132178 0.0112344960803076
35 25 0.00359013427292639 0.00827464800085656
35 26 0.00215217598323969 0.00465318293424775
35 27 0.00121893153033045 0.0027371972574045
35 28 0.000276164174840491 0.000616255992672036
35 29 1.90458051614132e-05 4.01520827879044e-05
35 30 9.5229025807066e-06 3.01140620909283e-05

221 40 40 135.89
0 1 14.5022949565598 0.437909867054968
1 0 2.62014343478501 0.625374609819212
1 1 0.875278400087424 0.234119016369809
1 2 0.063981658561463 0.0204336925578949
1 3 0.00148571116332441 0.000748814791808674
1 4 3.64278819008071e-06 1.15195077142174e-05
2 0 0.0658317396135002 0.0298578631367299
2 1 0.0519794911024898 0.0229670707710657
2 2 0.0116002768519024 0.00609805121308731
2 3 0.000986649181283355 0.000620079286797715
2 4 4.5534852376009e-06 1.43993846427718e-05
3 0 0.00190699961750724 0.00234121458206214
3 1 0.00293381053858623 0.00334757808243586
3 2 0.00119255778372767 0.0011481375227017
3 3 0.000179407318361474 0.000222580105055065
3 4 4.55348523760086e-05 0.000143993846427717
3 5 9.10697047520169e-06 2.87987692855433e-05
4 0 7.37664608491339e-05 0.000156708708810447
4 1 9.01590077044971e-05 0.000249088545091496
4 2 0.000152086406935869 0.000396918369467288
4 3 7.19450667540936e-05 0.000206087341299887
5 0 2.18567291404841e-05 6.91170462853041e-05
5 1 0.000127497586652824 0.000403182769997607
5 2 0.000130229677795385 0.000411822400783272
5 3 5.91953080888113e-05 0.000187192000356033
5 4 5.46418228512103e-06 1.7279261571326e-05
30 17 2.73209114256052e-06 8.63963078566303e-06
30 18 1.36604557128026e-05 4.31981539283152e-05
30 20 5.46418228512103e-06 1.7279261571326e-05
30 21 9.10697047520353e-07 2.87987692855491e-06
30 22 4.55348523760068e-06 1.43993846427711e-05
30 25 9.10697047520353e-07 2.87987692855491e-06
30 26 4.55348523760068e-06 1.43993846427711e-05
31 14 2.73209114256052e-06 8.63963078566303e-06
31 15 5.19097317086498e-05 0.000157857073777304
31 16 9.10697047520174e-05 0.00027542626625658
31 17 0.000260914704114532 0.000825084740030827
31 18 0.000567819609128828 0.00177648708453726
31 19 0.000711709742637013 0.00225062381966521
31 20 0.00109693459373805 0.00346881176044371
31 21 0.00107735460721636 0.00340689440647977
31 22 0.000768172959583263 0.00242917618923558
31 23 0.000854233830573928 0.00270132455898399
31 24 0.000679835345973807 0.00214982812716581
31 25 0.000498606633517295 0.0015767326183835
31 26 0.000278217948017413 0.000879802401673353
31 27 0.000126131541081543 0.000398862954604774
31 28 2.14013806167231e-05 6.7677107821024e-05
31 29 5.46418228512103e-06 1.7279261571326e-05
32 14 1.45711527603229e-05 4.60780308568699e-05
32 15 7.10343697065738e-05 0.000150306402460906
32 16 0.000309728065861612 0.000646406815304639
32 17 0.000493506730051182 0.000940995099218096
32 18 0.00108627943828207 0.00185901367534439
32 19 0.00150255905870354 0.002580929016683
32 20 0.0017094694279001 0.00291106205294213
32 21 0.00191027812687832 0.00306318818542394
32 22 0.00207138043458463 0.00320500430334545
32 23 0.00173087080851683 0.00284816628999892
32 24 0.00141959455767445 0.00228243928066349
32 25 0.000913155929548473 0.0015687737613196
32 26 0.000568730306176346 0.00106931081683444
32 27 0.000204451487168276 0.000530217461874276
32 28 7.55878549441737e-05 0.000163928279322889
32 29 5.46418228512103e-06 1.7279261571326e-05
33 13 1.09283645702421e-05 2.30390154284347e-05
33 14 2.18567291404841e-05 6.91170462853041e-05
33 15 5.73739139937708e-05 0.00012908146833435
33 16 0.000178041272790195 0.000262408346234535
33 17 0.000434402491667123 0.000519528520802348
33 18 0.00100859698012859 0.0010381330537817
33 19 0.00246917290494145 0.00243696230317679
33 20 0.00419212064914487 0.00412401495130044
33 21 0.00580979181465492 0.00603487334233686
33 22 0.00677667887000714 0.00783119911793836
33 23 0.00656057046063062 0.00780034726508533
33 24 0.00564386281259674 0.00696399354295791
33 25 0.00403110941114327 0.00553256922330033
33 26 0.00220953317669344 0.00311689750372162
33 27 0.00103591789155419 0.00138420001274387
33 28 0.000336957907582462 0.000545350489214796
33 29 9.51678414658565e-05 0.000197905851229779
33 30 2.73209114256046e-05 8.63963078566284e-05
34 14 5.46418228512103e-06 1.7279261571326e-05
34 15 3.91599730433676e-05 5.00745372723603e-05
34 16 0.000175764530171394 0.000200309650628311
34 17 0.000733475402072747 0.000775084597743818
34 18 0.00176429339016084 0.00160824348790469
34 19 0.00371191009598746 0.00310880266584288
34 20 0.00687803945139609 0.00577445143976147
34 21 0.0105044350946214 0.00801886762679861
34 22 0.0132057446769756 0.00993749909610945
34 23 0.0151954355863978 0.0116777392405978
34 24 0.0139860299072911 0.0104638546969216
34 25 0.0106681784237656 0.00823222010193687
34 26 0.00690199078374589 0.00524809313809403
34 27 0.00423492341037828 0.0034360079656614
34 28 0.00230807059723511 0.00203793892555459
34 29 0.000789118991676222 0.000954041912259678
34 30 0.000277762599493652 0.000290924591460635
34 31 9.33464473708175e-05 0.000181216889789276
34 32 1.36604557128026e-05 2.32183100813835e-05
34 33 5.46418228512103e-06 1.7279261571326e-05
35 14 5.46418228512103e-06 1.7279261571326e-05
35 15 1.82139409504038e-05 3.12539999058556e-05
35 16 0.000176675227218915 0.000152400857054936
35 17 0.000582390761889153 0.000498432526451302
35 18 0.00197266087463345 0.00139519589854725
35 19 0.00476667941642534 0.00340532555641219
35 20 0.0104104511593174 0.00785933192423678
35 21 0.0181515582026483 0.0130037446791494
35 22 0.0260419284920678 0.0182415456836831
35 23 0.0325748137624538 0.0215063401350612
35 24 0.0342766333351552 0.0221424091991686
35 25 0.0291949438099918 0.018518808231028
35 26 0.0213378139628068 0.0136700904095246
35 27 0.0133594703385971 0.00881243966471858
35 28 0.00645784383367027 0.00416716492004162
35 29 0.00250459902008996 0.00190042348010185
35 30 0.000672731909003146 0.000578478806059649
35 31 0.000206272881263318 0.000300867514677865
35 32 5.14543831848896e-05 9.37140744978366e-05
35 33 7.7409249039211e-06 2.44789538927108e-05
36 13 1.63925468553631e-05 5.18377847139781e-05
36 14 5.46418228512103e-06 1.7279261571326e-05
36 15 6.28380962788918e-05 0.000132630761413773
36 16 0.000113837130940022 0.000145030073470075
36 17 0.000495874542374735 0.000512488869033363
36 18 0.00129391836511667 0.00111633808883834
36 19 0.00323069777607781 0.00223395907011062
36 20 0.00730397246052126 0.00507327796128383
36 21 0.0141160774456769 0.0102005775990088
36 22 0.0231344370981549 0.0161191936925443
36 23 0.0321056226435713 0.0227298435330633
36 24 0.0371719213886306 0.0271278863274703
36 25 0.035964974591552 0.0261519057179856
36 26 0.0292402054532543 0.0202165602697007
36 27 0.0197831630329855 0.0140847759703711
36 28 0.011060233502723 0.00784036428768679
36 29 0.00569522612607688 0.00430204865031215
36 30 0.00222346684152049 0.00182754363064844
36 31 0.000630657705407718 0.00059050450665138
36 32 0.000170755696410032 0.000220887061050046
36 33 1.50265012840823e-05 2.7493231781555e-05
36 34 2.73209114256052e-06 8.63963078566303e-06
36 35 2.73209114256052e-06 8.63963078566303e-06
37 14 3.64278819008087e-06 1.15195077142179e-05
37 15 7.28557638016119e-06 1.75963386896761e-05
37 16 2.73209114256052e-05 4.64366201627671e-05
37 17 0.000183505455075315 0.000161633404405496
37 18 0.000602426096934594 0.000341224909031519
37 19 0.00159189843906527 0.000778346198589288
37 20 0.00411525781833416 0.00171276238860677
37 21 0.00826512212447411 0.00312137114745208
37 22 0.0152215725916617 0.006725328356084
37 23 0.0237680090341148 0.0112289833596065
37 24 0.0300010017667523 0.013198715783212
37 25 0.0320336775768173 0.0144762848645082
37 26 0.0290293790867531 0.0136658707842246
37 27 0.0219901462579458 0.010457860278623
37 28 0.0136460666994518 0.00686114772809471
37 29 0.00681529242482197 0.00329028801307051
37 30 0.00301841429430086 0.00174849412392739
37 31 0.000863978288982384 0.000561748447220501
37 32 0.000182594758027794 0.000212760890515679
37 33 4.64455494235288e-05 6.04774154996412e-05
37 34 1.91246379979236e-05 4.47077125426064e-05
37 35 1.09283645702421e-05 3.45585231426522e-05
38 16 5.46418228512103e-06 1.7279261571326e-05
38 17 2.73209114256052e-05 4.64366201627671e-05
38 18 0.000183960803599075 0.000331173325343007
38 19 0.000448518295903685 0.000635791671587937
38 20 0.00126951168424313 0.00142005774499669
38 21 0.00349461778044916 0.00398683393887996
38 22 0.00734768591880223 0.00815255525359624
38 23 0.01257991366592 0.013706073104204
38 24 0.0191718121049851 0.0204803857011747
38 25 0.0236222975065112 0.0252926756283708
38 26 0.0247512886363226 0.0270084793933322
38 27 0.0203287616341548 0.0225432649306389
38 28 0.0149926233539151 0.0177507455013244
38 29 0.00833333333333335 0.0102422188297781
38 30 0.00431360763528403 0.00532353604183709
38 31 0.00197803398721381 0.00304831507734806
38 32 0.000713075788208291 0.00117627922028254
38 33 0.000211281715024677 0.000497621844819546
38 34 5.327577727993e-05 0.00015025811346238
38 35 1.27497586652822e-05 3.1896072555995e-05
39 18 1.63925468553631e-05 3.68804195241e-05
39 19 0.000128408283700344 0.000186659573583371
39 20 0.000353350454437827 0.000578207763974613
39 21 0.000996302569987069 0.00144855996451145
39 22 0.00211372784729432 0.00308103002073811
39 23 0.00344152414257874 0.00499816531261646
39 24 0.00606068885124675 0.00856441833760472
39 25 0.00844762581279713 0.0117105994739875
39 26 0.0099115713166858 0.0138447834931339
39 27 0.00996530244248949 0.0142070632226622
39 28 0.0086976121523414 0.0124087686053992
39 29 0.00589357594302679 0.00859888981037682
39 30 0.00296796167786824 0.00415312347328275
39 31 0.00107371181902628 0.00163024918311363
39 32 0.000275941205398611 0.000399279470223454
39 33 7.92306431342549e-05 0.000122487906515818
39 34 2.73209114256052e-05 5.31023067486777e-05
40 19 2.18567291404841e-05 5.27890160690288e-05
40 20 0.000147532921698268 0.000331923775716899
40 21 0.000185782197694115 0.000378744876762875
40 22 0.000562810775367467 0.0010229199611506
40 23 0.00102180208731763 0.00172409166620274
40 24 0.00181410851866018 0.00300875340235708
40 25 0.00287962406425878 0.00479902262779841
40 26 0.00343697065734113 0.0060154804207875
40 27 0.00435495328124146 0.00764833938890516
40 28 0.003972460521283 0.00692929987936754
40 29 0.0026501284082837 0.00481897302544403
40 30 0.00157368449811486 0.00278676867879259
40 31 0.000819627342768155 0.00160365449633391
40 32 0.000382492759958473 0.000862425776496857
40 33 0.000174853833123873 0.000515039238211856
40 34 5.46418228512103e-05 0.00017279261571326

344 45 45 267.357
0 1 20.5734704080995 1.36510482988405
1 0 7.84674666166696 1.69351007726331
1 1 1.91192258817157 0.578245421045945
1 2 0.0880352269649815 0.0277776233953885
1 3 0.00138626752494636 0.00100918374904156
2 0 0.308696331479282 0.138994870761118
2 1 0.172827739932921 0.0898929759719546
2 2 0.0305256963106472 0.0207299615494082
2 3 0.00228162823156886 0.0022395287536002
2 4 3.64560548299066e-05 5.87682397621358e-05
3 0 0.0162287773680811 0.0149539867343487
3 1 0.0132928150323938 0.0156753430581547
3 2 0.00554236193571235 0.00722414779241594
3 3 0.000992646292940025 0.00140984618721549
3 4 7.23913088765287e-05 0.000156711139380566
4 0 0.00259775430702248 0.00667584213440495
4 1 0.00399975001562404 0.00904663191472777
4 2 0.0019405037185176 0.00547171951492325
4 3 0.000623919338374685 0.00187627399911666
4 4 9.99937503906006e-05 0.000316208003016649
5 0 0.000198945899214632 0.000629122172668541
5 1 0.000440597462658584 0.00130781777147109
5 2 0.000518196779367957 0.00151009328140717
5 3 0.000295294044122243 0.000933801758908545
5 4 0.000203112305480907 0.000642297506127568
5 5 0.000118742578588838 0.000375497003582271
5 6 1.24992187988251e-05 3.95260003770813e-05
6 1 5.20800783284376e-06 1.64691668237838e-05
6 2 8.33281253255003e-06 2.63506669180541e-05
6 3 8.33281253255009e-06 2.63506669180542e-05
6 4 9.37441409911881e-06 2.96445002828109e-05
22 9 3.12480469970627e-06 9.8815000942703e-06
22 10 9.3744140991188e-06 2.96445002828109e-05
22 11 6.24960939941254e-06 1.97630001885406e-05
22 14 9.3744140991188e-06 2.96445002828109e-05
22 15 7.2912109659815e-06 2.3056833553298e-05
22 16 2.08320313313793e-06 6.58766672951485e-06
22 17 6.24960939941191e-06 1.97630001885386e-05
23 8 6.24960939941254e-06 1.97630001885406e-05
23 9 1.24992187988251e-05 3.95260003770813e-05
23 10 0.000172905860050414 0.000546776338549624
23 11 0.000567672853779969 0.00179513918379243
23 12 0.000944732620877862 0.00298750686183439
23 13 0.00141918213444993 0.00448784795948109
23 14 0.00156344395141971 0.00494404388049993
23 15 0.00196602295689856 0.00621711047597849
23 16 0.00197539737099764 0.00624675497626119
23 17 0.00157000604128909 0.00496479503069788
23 18 0.000938691331791761 0.00296840262831879
23 19 0.00036247734516592 0.00114625401093533
23 20 8.12449221923625e-05 0.000256919002451026
24 9 1.97904297648064e-05 6.25828339303787e-05
24 10 0.000138533008353645 0.000438079837512651
24 11 0.000355186134199947 0.00112319717738206
24 12 0.000849426077536811 0.00268612110895911
24 13 0.00142491094306605 0.00450596404298723
24 14 0.00189050684332229 0.00597830755703352
24 15 0.00169218590504759 0.0053511616843838
24 16 0.0011472199654188 0.00362782806794301
24 17 0.000940149573984944 0.00297301399502941
24 18 0.000850363518946727 0.0026890855589874
24 19 0.000658812990854738 0.00208334960320865
24 20 0.000473407912005488 0.00149704726428191
24 21 0.000253629981459487 0.000802048424318256
24 22 6.14544924275563e-05 0.000194336168520648
24 23 3.12480469970627e-05 9.8815000942703e-05
25 9 3.12480469970627e-06 9.8815000942703e-06
25 10 7.18705080932442e-05 0.000227274502168217
25 11 0.000149990625585901 0.000474312004524975
25 12 0.000271858008874445 0.000859690508201515
25 13 0.000442680665791722 0.00139987918002163
25 14 0.000628085744640954 0.00198618151894831
25 15 0.000900464554298696 0.00284751894383224
25 16 0.000935879007562023 0.00295950927823394
25 17 0.000860362893985795 0.00272070635928909
25 18 0.000589546486677911 0.00186430968445231
25 19 0.000313001270753912 0.00098979692610941
25 20 7.03081057433902e-05 0.000222333752121079
26 15 1.40616211486788e-05 4.44667504242182e-05
26 16 5.57256838114287e-05 0.000176220085014488
26 17 0.000117180176238986 0.000349150220880071
26 18 0.000185925879632523 0.000545447765976569
26 19 0.000109888965273003 0.000347499419981836
26 20 4.58304689290244e-05 0.000144928668049295
26 21 2.3436035247797e-05 7.41112507070272e-05
26 22 2.29152344645116e-05 7.24643340246456e-05
27 10 6.24960939941254e-06 1.97630001885406e-05
27 11 5.3121679895007e-05 0.000167985501602596
27 12 0.000163531445951295 0.000517131838266813
27 13 0.000360394142032794 0.00113966634420585
27 14 0.000680686623752675 0.00215252010386852
27 15 0.000928587796596049 0.00293645244468066
27 16 0.0011405537153928 0.003584842449229
27 17 0.00134522842322355 0.00425398579058337
27 18 0.00105826719163386 0.00334653469859289
27 19 0.000986917484323883 0.00312090711310699
27 20 0.000718184280149158 0.00224922497024063
27 21 0.000309876466054201 0.000979915426015125
27 22 0.000139574609920212 0.000441373670877402
27 23 1.45824219319624e-05 4.61136671065941e-05
27 24 6.24960939941254e-06 1.97630001885406e-05
28 9 3.12480469970627e-06 9.8815000942703e-06
28 10 1.77072266316693e-05 3.80497557591479e-05
28 11 3.64560548299069e-05 7.87540794131891e-05
28 12 0.000214569922713163 0.000452779300856933
28 13 0.000504135158219281 0.00107016021406218
28 14 0.00117992625460909 0.00250164651747187
28 15 0.00212747119971669 0.00470312376206458
28 16 0.00324677624315146 0.00764010372098549
28 17 0.00402276941024516 0.0105133865884656
28 18 0.00431952169656065 0.0114676101978842
28 19 0.00386694581588648 0.0101405490237525
28 20 0.00273576651459285 0.00708412534073296
28 21 0.00160146240859946 0.00440666627152689
28 22 0.000891610940982848 0.00267232643285764
28 23 0.000341645313834549 0.00105860067030163
28 24 8.33281253254998e-05 0.000263506669180539
28 25 1.45824219319624e-05 4.61136671065941e-05
28 26 3.12480469970627e-06 9.8815000942703e-06
29 12 2.91648438639254e-05 6.22641967417595e-05
29 13 0.000273941212007582 0.000647211016521511
29 14 0.000629960627460786 0.00155415554386359
29 15 0.00149469824802617 0.0036070483285659
29 16 0.00256963106472512 0.00642427191243117
29 17 0.00378257608899439 0.0098377993935947
29 18 0.00504812199237544 0.0132603280093637
29 19 0.00522696498135534 0.0139897519874055
29 20 0.00421431993833721 0.0116208823387149
29 21 0.00278628419057141 0.00750849727577271
29 22 0.00137751807178718 0.00389468868118341
29 23 0.000447888673624562 0.00117668710604103
29 24 0.000168218653000853 0.000442064466587739
29 25 4.27056642293189e-05 0.000135047167955027
30 11 1.4582421931963e-05 4.6113667106596e-05
30 12 8.41614065787558e-05 0.000177560940509445
30 13 0.000323625606732913 0.000717681544651884
30 14 0.000868799866674987 0.00185770945815614
30 15 0.00254140366227107 0.00539695198110234
30 16 0.0046737703893506 0.00948363037821122
30 17 0.00844415974001634 0.0174798827016038
30 18 0.0123365206341273 0.0250768681256318
30 19 0.014994896152324 0.0299677765719376
30 20 0.0139618357186009 0.0282913779414886
30 21 0.0113821011186801 0.0243074894961798
30 22 0.00681728225319245 0.0154963955824663
30 23 0.00352894610753494 0.00834703785395153
30 24 0.0016436472720455 0.0041173174709619
30 25 0.000590588088244482 0.00173984568613112
30 26 0.000157281836551881 0.000497368838078268
30 27 1.87488281982376e-05 5.92890005656217e-05
30 28 6.24960939941254e-06 1.97630001885406e-05
31 11 1.24992187988251e-05 3.95260003770813e-05
31 12 0.000128116992687957 0.000284282817825687
31 13 0.000231235547778264 0.000527671693818721
31 14 0.000749953127929506 0.001263797977619
31 15 0.00184050996812699 0.00295411458651216
31 16 0.00406901651980086 0.00615099412778557
31 17 0.00673114180363735 0.00957295847422429
31 18 0.0100599962502344 0.0136720315567629
31 19 0.012745765889632 0.0177333088212325
31 20 0.0131530321021603 0.0180791651628514
31 21 0.0106495427369122 0.0152207055869401
31 22 0.00721829885632142 0.0107605442490083
31 23 0.00396631460533715 0.00566709342377808
31 24 0.00214830323104805 0.0031933608772518
31 25 0.000916609378580503 0.00148780994257428
31 26 0.000427056642293188 0.000802626684543317
31 27 0.000101035351957168 0.000249600714322321
31 28 3.4372851696769e-05 0.000108696501036973
31 29 6.24960939941254e-06 1.97630001885406e-05
32 11 9.3744140991188e-06 2.96445002828109e-05
32 12 9.3744140991188e-06 2.96445002828109e-05
32 13 2.91648438639254e-05 3.86002044585752e-05
32 14 0.000313522071537197 0.00055382999977045
32 15 0.000802345686727916 0.00108036775332063
32 16 0.00205153844551383 0.00292120407354333
32 17 0.00385725892131744 0.00507822243983303
32 18 0.00678186779992913 0.00906692042440738
32 19 0.00876413974126612 0.0124257640535404
32 20 0.0104824698456347 0.0140666521598299
32 21 0.00953148761535734 0.0125663615475094
32 22 0.00735443618107202 0.00915861404758239
32 23 0.00527883673937046 0.00679215018210057
32 24 0.00323990167281211 0.00408925019843562
32 25 0.00155823594358686 0.00233333320478418
32 26 0.000353102931066808 0.000568994817431772
32 27 0.0001166593754557 0.000219358201472607
32 28 3.74976563964752e-05 9.8595167520357e-05
32 29 6.24960939941254e-06 1.97630001885406e-05
33 11 6.24960939941254e-06 1.97630001885406e-05
33 13 3.74976563964752e-05 8.4363297007756e-05
33 14 0.00012603378955482 0.000265985966977644
33 15 0.000409349415661521 0.000667998826539737
33 16 0.00103639355873591 0.00175247378468023
33 17 0.00183634356186071 0.00308211333101559
33 18 0.00388152823781847 0.006517626178799
33 19 0.00671833010436843 0.0114467175793195
33 20 0.00940784950940575 0.0150469176463587
33 21 0.0104255984000999 0.0163801164836836
33 22 0.0107583901006187 0.0152997718785672
33 23 0.00838489261087856 0.0117977347812325
33 24 0.0056564173072516 0.00825435614212911
33 25 0.00292794200362478 0.00441176625068367
33 26 0.00117700977022269 0.00190943242054274
33 27 0.000229152344645124 0.000369666664005891
33 28 0.000129158594254525 0.000266969884650648
33 29 1.77072266316686e-05 3.92965962319597e-05
33 30 5.20800783284357e-06 1.64691668237832e-05
34 14 1.24992187988251e-05 2.63506669180541e-05
34 15 0.000196862696081495 0.00031526304504154
34 16 0.000611420119575861 0.00096290479852722
34 17 0.00164937608066163 0.00216243783944981
34 18 0.00430285607149556 0.00533158865382704
34 19 0.00813230423098557 0.0107074989604573
34 20 0.0136908109909798 0.0177023698897623
34 21 0.0182426098368851 0.0233664030730978
34 22 0.0212512759619191 0.0280808631816115
34 23 0.0197492865029268 0.0273079332939699
34 24 0.0162255484032246 0.0239629606013326
34 25 0.0106727704518467 0.0157446048433844
34 26 0.00615482365685482 0.00938297279997663
34 27 0.00242224444305562 0.00375609626323311
34 28 0.000795262796075244 0.0014113755677168
34 29 0.000331229298168864 0.000712815440396498
34 30 6.77041018269691e-05 0.000203356978992415
34 31 2.08320313313749e-05 6.58766672951346e-05
35 13 6.24960939941254e-06 1.97630001885406e-05
35 15 5.41632814615755e-05 9.10433655538702e-05
35 16 0.00035570693498323 0.000459657629201138
35 17 0.000907755765264674 0.00100411822668926
35 18 0.00264202237360166 0.00265777186282297
35 19 0.00556371476782703 0.00490049956262364
35 20 0.00971710101451989 0.00857604048271003
35 21 0.0136417515571944 0.0124729872247927
35 22 0.0167368706122533 0.0150359273968912
35 23 0.0188555923588108 0.0166791647706278
35 24 0.0167111430535591 0.0144347198105898
35 25 0.012854717413495 0.0107578675906477
35 26 0.0089746474178697 0.00764729197320405
35 27 0.00468095744016001 0.00410132283028163
35 28 0.0021868424890111 0.00226394502610191
35 29 0.000708809866050037 0.000765813109071648
35 30 0.000288523633939546 0.000417162547177927
35 31 1.24992187988251e-05 3.95260003770813e-05
36 15 3.12480469970627e-05 9.8815000942703e-05
36 16 8.1244922192363e-05 0.000193300597207042
36 17 0.000374455763181471 0.00062580161245359
36 18 0.00128002416515635 0.00194141756508799
36 19 0.00376455638189281 0.00531245343058531
36 20 0.00795835676936861 0.0106634317398498
36 21 0.0129533570818491 0.0156947964737532
36 22 0.0190065204258067 0.0214474945226355
36 23 0.0232405266337521 0.0239456182796427
36 24 0.0227630564756368 0.0225449818433111
36 25 0.0198989646480427 0.0190939084561876
36 26 0.0144903443534779 0.0148601207393406
36 27 0.00986344603462285 0.0105486733976694
36 28 0.00497000187488279 0.00604140584112314
36 29 0.00189727725350498 0.00305763047143854
36 30 0.000559860842030705 0.00103801706344341
36 31 0.000195300293731641 0.00039391004790478
36 32 6.24960939941254e-06 1.97630001885406e-05
36 33 1.24992187988251e-05 3.95260003770813e-05
37 14 1.24992187988251e-05 2.63506669180541e-05
37 15 6.24960939941254e-06 1.97630001885406e-05
37 16 6.87457033935379e-05 0.000123067770662183
37 17 0.000227694102451931 0.000357629414380685
37 18 0.000794741995291964 0.000917493261626713
37 19 0.00224183905172594 0.00269598806812491
37 20 0.00463054392433806 0.00563600997065982
37 21 0.00870758077620142 0.0110584604873363
37 22 0.0139442326521259 0.0169047087214703
37 23 0.0179948128241984 0.0200618622269571
37 24 0.0194993021269504 0.0219714134585969
37 25 0.019004645542987 0.0203683391456168
37 26 0.0157644313897049 0.0164592910496107
37 27 0.0103597691810928 0.0109311266119142
37 28 0.00614899068808201 0.0070521468267397
37 29 0.00298158448430306 0.00312539994724025
37 30 0.00112909609816053 0.00120726169936289
37 31 0.000303626856654792 0.000354434173449816
37 32 5.31216798950066e-05 0.00013664446970904
37 33 1.87488281982376e-05 4.21816485038781e-05
38 15 6.24960939941254e-06 1.97630001885406e-05
38 16 1.24992187988251e-05 3.95260003770813e-05
38 17 8.9577734724914e-05 0.000151516334778813
38 18 0.000119784180155406 0.000172852168099135
38 19 0.000557256838114286 0.000817054382410808
38 20 0.00131918838405933 0.00206711488453338
38 21 0.00253765389663146 0.00418645993325841
38 22 0.00442618169697724 0.00692709964404321
38 23 0.0065553194592004 0.00998164202506619
38 24 0.00825010936816442 0.0122776033344761
38 25 0.00822479845009689 0.0120301695169445
38 26 0.00695810678499259 0.0100530791146814
38 27 0.00564464720954939 0.00815432139190564
38 28 0.00356227735766514 0.00531863831756625
38 29 0.00173582901068684 0.0028263146707888
38 30 0.000669229006520424 0.00119212008405901
38 31 0.000146865820886195 0.00030970792584907
39 17 6.24960939941254e-06 1.97630001885406e-05
39 18 3.12480469970627e-05 9.8815000942703e-05
39 19 0.000143741016186488 0.000250071161042812
39 20 0.000526529591900509 0.0011894353358424
39 21 0.00149521904880945 0.00279534205517534
39 22 0.00304199737516406 0.0054243603554647
39 23 0.00591108889027769 0.01004044420907
39 24 0.00879267962419014 0.013511270301984
39 25 0.0111737808053664 0.0171171129065459
39 26 0.0117825969210257 0.0178097581877553
39 27 0.00971189300668709 0.0143165896207115
39 28 0.00702091535945671 0.0105342064445248
39 29 0.00453565402162364 0.00651033497094231
39 30 0.00188998604253901 0.00266855444941645
39 31 0.000591629689811052 0.000889074716892679
39 32 0.000137491406787076 0.00021458003511144
39 33 1.56240234985313e-05 3.37517483199376e-05
40 19 1.24992187988251e-05 3.95260003770813e-05
40 20 2.49984375976501e-05 7.90520007541622e-05
40 21 4.37472657958877e-05 0.00011802775221728
40 22 4.37472657958877e-05 9.33962951126382e-05
40 23 5.93712892944191e-05 0.000125382180162108
40 24 0.00015936503968502 0.000471478622094902
40 25 0.000281232422973564 0.000802641703614711
40 26 0.000381226173364164 0.000958024330228549
40 27 0.000474970314355353 0.00106475933815209
40 28 0.000224985938378851 0.000528821843667424
40 29 0.000243734766577089 0.000540389477994779
40 30 0.000187488281982376 0.000528657689746453
40 31 0.000124992187988251 0.000373817437346131
40 32 0.000118742578588838 0.000375497003582271
40 33 9.3744140991188e-05 0.000296445002828109
40 34 1.87488281982376e-05 5.92890005656217e-05
41 23 1.24992187988251e-05 3.95260003770813e-05
41 24 3.74976563964752e-05 0.000118578001131243
41 25 0.000143741016186488 0.000454549004336432
41 26 0.000262483594775327 0.000830046007918706
41 27 0.000381226173364165 0.00120554301150098
41 28 0.000581213674145366 0.00183795901753427
41 29 0.000512467970751828 0.00162056601546033
41 30 0.000281232422973564 0.000889335008484326
41 31 0.000124992187988251 0.000395260003770813
41 32 8.1244922192363e-05 0.000256919002451028
41 33 3.12480469970627e-05 9.8815000942703e-05

254 50 50 267.357
0 1 20.3677531006634 1.28614340254855
1 0 6.78087395442746 1.66108739329667
1 1 1.62374194788963 0.538362870959388
1 2 0.0801062397846361 0.0317394864075609
1 3 0.000990770118257862 0.000812846534852107
2 0 0.226520046149409 0.099060101325563
2 1 0.131321187065346 0.066766571045896
2 2 0.0207705989808672 0.0108096896248359
2 3 0.00106912796846457 0.000780606641977363
2 4 1.65048232541743e-05 3.83988177085999e-05
2 5 6.40964009870849e-06 2.02690616938653e-05
3 0 0.0131597923276608 0.0130467861918142
3 1 0.0154800820433933 0.0128378738369101
3 2 0.00375076114476172 0.00338840932513463
3 3 0.000296125372560331 0.000397877545071223
3 4 1.20180751850784e-05 3.80044906759974e-05
4 0 0.000759542351696952 0.00126210517330947
4 1 0.000543216998365541 0.00071376530175998
4 2 0.000192289202961254 0.000417857411479836
4 3 0.000110566291702721 0.000288478312397464
5 0 3.84578405922507e-05 0.000121614370163191
5 1 2.88433804441881e-05 9.12107776223935e-05
5 2 9.61446014806269e-06 3.04035925407978e-05
33 23 6.40964009870878e-06 2.02690616938662e-05
33 24 3.20482004935391e-06 1.01345308469316e-05
34 20 1.92289202961254e-05 6.08071850815957e-05
34 21 5.28795308143448e-05 0.000167219758974388
34 22 0.000167451847578759 0.00052952923675223
34 23 0.000209114508220364 0.000661278137762354
34 24 0.000412620581354356 0.00127139816806345
34 25 0.000407813351280324 0.00128961905027217
34 26 0.000184277152837868 0.000582735523698624
34 27 0.000107361471653366 0.00033950678337224
34 28 8.33253212832103e-05 0.000263497802020249
35 18 6.24939909624074e-05 0.000181362802511565
35 19 0.00020590968817101 0.000526497981264923
35 20 0.000628144729673432 0.00157896438705339
35 21 0.00122984969393968 0.0031318343392072
35 22 0.00223616318943691 0.00541894022762098
35 23 0.00278338621286415 0.00633387480631028
35 24 0.00267362112617376 0.00602727981027569
35 25 0.00213521135788225 0.00483847530792551
35 26 0.00180110886773706 0.00408032316516643
35 27 0.000965452039867968 0.0024422643800609
35 28 0.000560042303624652 0.00135772904178368
35 29 0.000237957888664549 0.000629081155390756
35 30 9.4542191455949e-05 0.000266902703714583
36 15 4.80723007403134e-06 1.52017962703989e-05
36 16 7.69156811845015e-05 0.000168367471545219
36 17 0.000187481972887223 0.000429045097084613
36 18 0.0005156555459411 0.000816447013612241
36 19 0.00154664615581836 0.00232042543461353
36 20 0.00306460917219498 0.00423921880130159
36 21 0.00547880011537355 0.00733785919758746
36 22 0.00936240105118095 0.0128716376948509
36 23 0.0133331730923309 0.0178850577705993
36 24 0.0151563952184084 0.020128409621011
36 25 0.0155521904945037 0.0207356323591312
36 26 0.0124138704611736 0.0163714643127113
36 27 0.00870765631509793 0.0112097698200631
36 28 0.0054640579431465 0.00712827882264878
36 29 0.00236515719642342 0.00308480647081584
36 30 0.00111207255712591 0.00147104382212244
36 31 0.000487132647501839 0.000741900267082525
36 32 8.01205012338544e-05 0.000146863304648776
36 33 1.4421690222094e-05 3.24463300505025e-05
37 17 2.08313303208028e-05 3.54708579642645e-05
37 18 9.45421914559531e-05 0.000175770737674381
37 19 0.000448674806909593 0.000658484594010694
37 20 0.00117376534307599 0.00162343393332805
37 21 0.00274012114219787 0.00400392357290324
37 22 0.0045354613338461 0.00620246531763682
37 23 0.0069361920328174 0.0100751165594233
37 24 0.008843700926193 0.0127312450497171
37 25 0.00971204691856547 0.0145110632182003
37 26 0.0092795564529052 0.0131832001775598
37 27 0.00742781142838828 0.0101166096277926
37 28 0.00529388199852578 0.00772250700252327
37 29 0.00299410313110921 0.00478380608385182
37 30 0.00169615101112072 0.00268473971350569
37 31 0.000619331474537703 0.00108700455120555
37 32 0.000139409672146909 0.000240308084097907
37 33 4.32650706662821e-05 7.32566064202959e-05
37 34 4.80723007403134e-06 1.52017962703989e-05
38 17 8.01205012338238e-07 2.53363271173214e-06
38 18 5.68855558760379e-05 9.25498726021294e-05
38 19 0.000472390475274815 0.000578744814552286
38 20 0.00101977373970453 0.00140620652009647
38 21 0.00287167900522388 0.00475413750486321
38 22 0.00529884946960236 0.00749684050470918
38 23 0.0085930839983334 0.0120884443210045
38 24 0.01233246803192 0.0169551288799608
38 25 0.015506361567798 0.0202967667882063
38 26 0.0160423677210527 0.0201183193311799
38 27 0.0138765503316987 0.0165278458566797
38 28 0.0100871711053424 0.0111276263129374
38 29 0.00590728455597219 0.00655745071846646
38 30 0.00269765727654392 0.00278345445257482
38 31 0.00146380155754254 0.0015635798585432
38 32 0.000601704964266254 0.000780976957469015
38 33 0.000257988013973014 0.000381333935011132
38 34 4.80723007403135e-05 6.79844996814295e-05
39 16 6.40964009870878e-06 2.02690616938662e-05
39 17 9.61446014806269e-06 2.16308867003355e-05
39 18 0.00010575906162869 0.000166218664614171
39 19 0.000120180751850784 0.000242958805575194
39 20 0.000467903727205717 0.000615071774997496
39 21 0.00117777136813769 0.00154494358868932
39 22 0.00342034419767331 0.00427562720988494
39 23 0.00684517514341569 0.00828298680182899
39 24 0.0104637374611415 0.0128925183196762
39 25 0.0139605166169919 0.0163681167695489
39 26 0.01617921353716 0.018592448643246
39 27 0.0155049193987757 0.0173506617114148
39 28 0.01256882351056 0.0133028935794436
39 29 0.00900233951863606 0.00958976705104151
39 30 0.00552751338012367 0.00612841179149097
39 31 0.00224818126462198 0.00238148656652521
39 32 0.000910970099028936 0.00107891674948127
39 33 0.000305259109700989 0.000364241463133974
39 34 9.85482165176417e-05 0.000169416921214957
40 18 1.60241002467715e-05 5.06726542346641e-05
40 19 0.000124987981924816 0.000307933383305374
40 20 0.000471909752267412 0.00091164198498122
40 21 0.000871711053424355 0.00140870282564928
40 22 0.00229064513027595 0.00262967113087792
40 23 0.00453369868281895 0.0037990890742587
40 24 0.00836249719578248 0.00744219286350646
40 25 0.0122276704163061 0.00998124123685121
40 26 0.0158728327404416 0.0126244223175532
40 27 0.0163400955036375 0.0127390118794395
40 28 0.01504935422876 0.0117488912100966
40 29 0.01251882831779 0.00948001129010671
40 30 0.00921898535397231 0.00699483681846484
40 31 0.00604028458802035 0.00433203522899752
40 32 0.00263596449059384 0.00199138445187471
40 33 0.00115213280774284 0.00103160171113837
40 34 0.000319680799923083 0.000294610393369946
40 35 6.73012210364378e-05 8.83507916039482e-05
41 18 9.61446014806269e-06 3.04035925407978e-05
41 19 9.61446014806269e-06 3.04035925407978e-05
41 20 4.6469890715637e-05 9.26538547650571e-05
41 21 0.000170656667628113 0.000282690289794216
41 22 0.000878120693523067 0.00122023169742529
41 23 0.00222991379034068 0.00342445475729387
41 24 0.00511152773771755 0.00762378032319171
41 25 0.00856952857097066 0.0130883920574412
41 26 0.0134483863731051 0.0199290306577191
41 27 0.0187437105406534 0.0290176873021587
41 28 0.0209407749254878 0.0310322276362014
41 29 0.0192832419959622 0.0290158370435792
41 30 0.0155491459154566 0.0226642867747077
41 31 0.0106666025702657 0.0152990464865956
41 32 0.00574512066147483 0.00841622360290656
41 33 0.00293529468320354 0.00497072427052209
41 34 0.00125148222927282 0.00203888371805199
41 35 0.00038425792391757 0.00066897150283476
41 36 7.37108611351477e-05 0.000137885910972344
41 37 4.6469890715636e-05 0.000121438295986356
41 38 9.61446014806269e-06 3.04035925407978e-05
42 19 9.61446014806269e-06 3.04035925407978e-05
42 20 5.28795308143448e-05 7.32566064202959e-05
42 21 0.00012819280197417 0.000173573874406008
42 22 0.000542415793353204 0.000606592685818648
42 23 0.00142374130692562 0.00148721362657757
42 24 0.0026327596705445 0.00271779584371109
42 25 0.00488494696022819 0.00523649035248838
42 26 0.00792311636701597 0.00792349985605695
42 27 0.0112328942729866 0.0121122289747212
42 28 0.0122127680030766 0.0139133151268409
42 29 0.0123073101945325 0.0144237412847165
42 30 0.0109556773387175 0.0128297100918709
42 31 0.0077043873986476 0.00853714859941332
42 32 0.00466910232990418 0.00511996401428266
42 33 0.00261945966733967 0.00282885298790081
42 34 0.000749607409543951 0.000841828139488773
42 35 0.000174181969682402 0.000262441139930685
42 36 4.32650706662821e-05 7.99600996691001e-05
42 37 4.80723007403134e-06 1.52017962703989e-05
43 20 9.61446014806269e-06 3.04035925407978e-05
43 21 3.04457904688655e-05 5.57399196581302e-05
43 22 0.000165048232541743 0.000280006855586214
43 23 0.000445469986860239 0.000608297020922108
43 24 0.00134842803576579 0.00177748796132126
43 25 0.00292680191007275 0.00401906534870582
43 26 0.00628224850174662 0.00782018910279642
43 27 0.00982437586129539 0.012860011734373
43 28 0.0137731948851072 0.0173347249381458
43 29 0.0147838348876711 0.0186744141184007
43 30 0.0148992084094476 0.0173843184779352
43 31 0.0123420824920681 0.013370052832069
43 32 0.00829567669775338 0.0083622352219328
43 33 0.00443466974329392 0.00405532387912792
43 34 0.00205749447168541 0.0021480955696028
43 35 0.000861295388263946 0.0011200277407544
43 36 0.000280421754318495 0.000412860354612805
43 37 3.84578405922508e-05 6.72248724911164e-05
44 21 1.92289202961254e-05 4.05381233877304e-05
44 22 5.52831458513605e-05 0.000102635581706246
44 23 0.000347722975354935 0.000537122167429872
44 24 0.000898150818831522 0.00152011605029702
44 25 0.00215652341121047 0.00332039470839902
44 26 0.00444348299842964 0.00594864875801182
44 27 0.00743854757555368 0.0109211399242264
44 28 0.0109867640931962 0.0159460223108142
44 29 0.0143542287600551 0.020040963007196
44 30 0.0162114219786558 0.0232158012259108
44 31 0.015402204916194 0.0216954723353028
44 32 0.0120433932634682 0.0178629281306101
44 33 0.00839694901131308 0.0125322287152671
44 34 0.00455485049514469 0.00673648448992994
44 35 0.00186440406371182 0.00239299802646395
44 36 0.000634554369772137 0.000730272474525244
44 37 0.00021632535333141 0.000333589628452016
44 38 1.92289202961254e-05 4.05381233877304e-05
44 39 1.4421690222094e-05 3.24463300505025e-05
45 21 4.80723007403134e-06 1.52017962703989e-05
45 22 4.32650706662821e-05 0.00010737342927123
45 23 0.000107361471653367 0.000227876753396478
45 24 0.000333301285132843 0.000705254615629795
45 25 0.00126430150947025 0.00243029780514262
45 26 0.00242492709034387 0.00473883908950553
45 27 0.00492052046277602 0.0094826089487953
45 28 0.00906323109957375 0.0178162249930261
45 29 0.0131069127968464 0.0254355033379111
45 30 0.0150447072396885 0.0288897279306684
45 31 0.0166410281062721 0.0324306344088058
45 32 0.0142967022401692 0.0288777433417734
45 33 0.0116947088420985 0.0232337022080179
45 34 0.00741082588212674 0.014891325707625
45 35 0.00393904432266127 0.0080765665737912
45 36 0.00179870525270006 0.00375237619480604
45 37 0.000560843508636988 0.00118086493467048
45 38 0.000161843412492388 0.000344710639173395
45 39 9.61446014806269e-06 3.04035925407978e-05
46 23 1.92289202961254e-05 6.08071850815957e-05
46 24 5.76867608883761e-05 0.000182421555244787
46 25 0.000145819312245618 0.000461121153535435
46 26 0.00023875909367689 0.000705806593404241
46 27 0.00053840976829151 0.00148130651712379
46 28 0.00109124122680512 0.00320020935877958
46 29 0.00184437393840336 0.00539274105674093
46 30 0.00239880780694163 0.00694923124831003
46 31 0.00298528987597347 0.00891292808724281
46 32 0.00284588020382655 0.00824905988701699
46 33 0.00294202480530719 0.00807248304197763
46 34 0.00203746434637695 0.00559076299288169
46 35 0.00108082556164471 0.00291769304620516
46 36 0.00083966285293081 0.00200270911823487
46 37 0.000317277184886068 0.000750297587352241
46 38 0.000134602442072878 0.000314660454664836
46 39 3.84578405922508e-05 9.28845094778672e-05
47 27 9.61446014806269e-06 3.04035925407978e-05
47 30 9.61446014806269e-06 3.04035925407978e-05
